 4043	 1389
 4038	 1389
 4038	 1389
 4038	 1389
 4038	 1389
 4038	 1383
 4038	 1383
 4038	 1383
 4038	 1383
 4038	 1378
 4038	 1378
 4038	 1378
 4038	 1378
 4038	 1378
 4038	 1373
 4038	 1373
 4038	 1368
 4038	 1368
 4038	 1368
 4038	 1368
 4038	 1368
 4038	 1363
 4038	 1363
 4038	 1363
 4038	 1363
 4038	 1358
 4038	 1358
 4038	 1352
 4038	 1352
 4038	 1352
 4038	 1352
 4038	 1352
 4038	 1347
 4038	 1347
 4038	 1347
 4038	 1347
 4038	 1342
 4038	 1342
 4038	 1342
 4038	 1337
 4038	 1337
 4038	 1337
 4038	 1337
 4038	 1332
 4038	 1332
 4038	 1332
 4038	 1332
 4038	 1332
 4038	 1327
 4038	 1327
 4038	 1321
 4033	 1321
 4033	 1321
 4033	 1321
 4033	 1316
 4033	 1316
 4033	 1316
 4033	 1316
 4033	 1316
 4033	 1311
 4033	 1311
 4033	 1306
 4033	 1306
 4033	 1306
 4033	 1306
 4033	 1306
 4033	 1301
 4033	 1301
 4033	 1301
 4033	 1301
 4033	 1296
 4033	 1296
 4033	 1291
 4033	 1291
 4033	 1291
 4033	 1291
 4033	 1291
 4033	 1285
 4033	 1285
 4033	 1285
 4033	 1285
 4033	 1280
 4033	 1280
 4033	 1280
 4033	 1275
 4033	 1275
 4033	 1275
 4033	 1275
 4028	 1270
 4028	 1270
 4028	 1270
 4028	 1270
 4028	 1270
 4028	 1265
 4028	 1265
 4028	 1260
 4028	 1260
 4028	 1260
 4028	 1260
 4028	 1254
 4028	 1254
 4028	 1254
 4028	 1254
 4028	 1254
 4028	 1249
 4028	 1249
 4028	 1244
 4028	 1244
 4028	 1244
 4028	 1244
 4028	 1244
 4028	 1239
 4028	 1239
 4028	 1239
 4023	 1239
 4023	 1234
 4023	 1234
 4023	 1234
 4023	 1229
 4023	 1229
 4023	 1229
 4023	 1229
 4023	 1224
 4023	 1224
 4023	 1224
 4018	 1224
 4018	 1224
 4018	 1218
 4018	 1218
 4018	 1213
 4018	 1213
 4018	 1213
 4018	 1213
 4018	 1213
 4018	 1208
 4018	 1208
 4018	 1208
 4018	 1208
 4018	 1203
 4018	 1203
 4018	 1203
 4018	 1198
 4018	 1198
 4018	 1198
 4012	 1198
 4012	 1193
 4012	 1193
 4012	 1193
 4012	 1193
 4012	 1193
 4012	 1187
 4012	 1187
 4012	 1182
 4012	 1182
 4012	 1182
 4012	 1182
 4012	 1182
 4012	 1177
 4012	 1177
 4012	 1177
 4012	 1177
 4007	 1177
 4007	 1172
 4007	 1172
 4007	 1167
 4007	 1167
 4007	 1167
 4007	 1167
 4007	 1167
 4002	 1162
 4002	 1162
 4002	 1162
 4002	 1162
 4002	 1156
 4002	 1156
 4002	 1156
 4002	 1151
 4002	 1151
 4002	 1151
 4002	 1151
 4002	 1146
 4002	 1146
 4002	 1146
 4002	 1146
 3997	 1146
 3997	 1141
 3997	 1141
 3997	 1136
 3997	 1136
 3997	 1136
 3997	 1136
 3997	 1136
 3997	 1131
 3997	 1131
 3997	 1131
 3997	 1131
 3997	 1131
 3997	 1126
 3992	 1126
 3992	 1126
 3992	 1126
 3992	 1126
 3992	 1120
 3992	 1120
 3987	 1115
 3987	 1115
 3987	 1115
 3987	 1115
 3987	 1115
 3987	 1110
 3987	 1110
 3987	 1110
 3987	 1110
 3987	 1110
 3987	 1105
 3987	 1105
 3987	 1100
 3982	 1100
 3982	 1100
 3982	 1100
 3982	 1100
 3982	 1095
 3982	 1095
 3982	 1095
 3982	 1095
 3982	 1095
 3982	 1089
 3982	 1089
 3976	 1084
 3976	 1084
 3976	 1084
 3976	 1084
 3976	 1084
 3976	 1079
 3971	 1079
 3971	 1079
 3971	 1079
 3971	 1079
 3971	 1074
 3971	 1074
 3971	 1069
 3971	 1069
 3971	 1069
 3971	 1069
 3971	 1069
 3966	 1064
 3966	 1064
 3966	 1064
 3966	 1064
 3966	 1064
 3966	 1059
 3966	 1059
 3966	 1059
 3966	 1053
 3966	 1053
 3966	 1053
 3961	 1053
 3961	 1048
 3961	 1048
 3961	 1048
 3961	 1048
 3956	 1048
 3956	 1043
 3956	 1043
 3956	 1043
 3956	 1038
 3956	 1038
 3956	 1038
 3956	 1038
 3956	 1038
 3956	 1033
 3951	 1033
 3951	 1033
 3951	 1033
 3951	 1033
 3951	 1028
 3951	 1028
 3951	 1028
 3951	 1022
 3951	 1022
 3951	 1022
 3945	 1022
 3945	 1022
 3945	 1017
 3945	 1017
 3940	 1017
 3940	 1017
 3940	 1017
 3940	 1012
 3940	 1012
 3940	 1007
 3940	 1007
 3940	 1007
 3940	 1007
 3940	 1007
 3935	 1002
 3935	 1002
 3935	 1002
 3935	 1002
 3935	 1002
 3935	 1002
 3935	  997
 3935	  997
 3935	  991
 3930	  991
 3930	  991
 3930	  991
 3930	  991
 3925	  986
 3925	  986
 3925	  986
 3925	  986
 3925	  986
 3925	  986
 3925	  981
 3925	  981
 3925	  976
 3920	  976
 3920	  976
 3920	  976
 3920	  976
 3920	  971
 3920	  971
 3920	  971
 3920	  971
 3915	  971
 3915	  971
 3915	  966
 3915	  966
 3909	  961
 3909	  961
 3909	  961
 3909	  961
 3909	  961
 3909	  961
 3909	  955
 3909	  955
 3904	  955
 3904	  955
 3904	  955
 3904	  950
 3904	  950
 3904	  950
 3904	  945
 3904	  945
 3899	  945
 3899	  945
 3899	  945
 3899	  940
 3894	  940
 3894	  940
 3894	  940
 3894	  940
 3894	  940
 3894	  935
 3894	  935
 3894	  930
 3889	  930
 3889	  930
 3889	  930
 3889	  930
 3889	  930
 3889	  924
 3889	  924
 3889	  924
 3884	  924
 3884	  924
 3884	  924
 3878	  919
 3878	  919
 3878	  914
 3878	  914
 3878	  914
 3878	  914
 3878	  914
 3878	  914
 3873	  909
 3873	  909
 3873	  909
 3873	  909
 3873	  909
 3873	  909
 3873	  904
 3868	  904
 3868	  899
 3868	  899
 3868	  899
 3863	  899
 3863	  899
 3863	  899
 3863	  894
 3863	  894
 3863	  894
 3863	  894
 3858	  894
 3858	  894
 3858	  888
 3858	  888
 3858	  888
 3858	  883
 3858	  883
 3853	  883
 3853	  883
 3853	  883
 3847	  883
 3847	  878
 3847	  878
 3847	  878
 3847	  878
 3847	  878
 3847	  878
 3842	  873
 3842	  873
 3842	  873
 3842	  868
 3842	  868
 3842	  868
 3842	  868
 3837	  868
 3837	  868
 3837	  863
 3832	  863
 3832	  863
 3832	  863
 3832	  863
 3832	  863
 3832	  857
 3832	  857
 3827	  857
 3827	  857
 3827	  857
 3827	  857
 3827	  852
 3827	  852
 3827	  852
 3822	  847
 3822	  847
 3822	  847
 3817	  847
 3817	  847
 3817	  847
 3817	  842
 3817	  842
 3817	  842
 3811	  842
 3811	  842
 3811	  842
 3811	  837
 3811	  837
 3811	  837
 3811	  832
 3806	  832
 3806	  832
 3806	  832
 3801	  832
 3801	  832
 3801	  832
 3801	  826
 3801	  826
 3801	  826
 3796	  826
 3796	  826
 3796	  826
 3796	  821
 3796	  821
 3796	  821
 3791	  816
 3791	  816
 3791	  816
 3786	  816
 3786	  816
 3786	  816
 3786	  816
 3786	  811
 3786	  811
 3780	  811
 3780	  811
 3780	  811
 3780	  811
 3780	  811
 3780	  806
 3775	  806
 3775	  806
 3775	  801
 3775	  801
 3775	  801
 3775	  801
 3770	  801
 3770	  801
 3770	  801
 3765	  796
 3765	  796
 3765	  796
 3765	  796
 3765	  796
 3765	  796
 3760	  796
 3760	  790
 3760	  790
 3760	  790
 3760	  785
 3760	  785
 3755	  785
 3755	  785
 3755	  785
 3750	  785
 3750	  785
 3750	  780
 3750	  780
 3750	  780
 3750	  780
 3744	  780
 3744	  780
 3744	  780
 3744	  775
 3744	  775
 3744	  775
 3739	  775
 3739	  770
 3734	  770
 3734	  770
 3734	  770
 3734	  770
 3734	  770
 3734	  770
 3729	  765
 3729	  765
 3729	  765
 3729	  765
 3729	  765
 3729	  765
 3724	  765
 3724	  765
 3719	  759
 3719	  759
 3719	  759
 3719	  754
 3719	  754
 3719	  754
 3713	  754
 3713	  754
 3713	  754
 3713	  754
 3713	  754
 3713	  749
 3708	  749
 3708	  749
 3703	  749
 3703	  749
 3703	  749
 3703	  749
 3703	  749
 3703	  744
 3698	  744
 3698	  744
 3698	  744
 3698	  739
 3698	  739
 3693	  739
 3693	  739
 3693	  739
 3688	  739
 3688	  739
 3688	  739
 3688	  734
 3688	  734
 3682	  734
 3682	  734
 3682	  734
 3682	  734
 3682	  734
 3682	  734
 3677	  729
 3677	  729
 3672	  729
 3672	  729
 3672	  723
 3672	  723
 3672	  723
 3672	  723
 3667	  723
 3667	  723
 3667	  723
 3667	  723
 3667	  718
 3662	  718
 3662	  718
 3657	  718
 3657	  718
 3657	  718
 3657	  718
 3657	  718
 3657	  718
 3652	  713
 3652	  713
 3652	  713
 3652	  713
 3652	  708
 3646	  708
 3646	  708
 3641	  708
 3641	  708
 3641	  708
 3641	  708
 3641	  708
 3641	  708
 3636	  703
 3636	  703
 3636	  703
 3636	  703
 3636	  703
 3631	  703
 3631	  703
 3626	  703
 3626	  703
 3626	  703
 3626	  698
 3626	  698
 3621	  698
 3621	  698
 3621	  692
 3621	  692
 3621	  692
 3615	  692
 3615	  692
 3615	  692
 3610	  692
 3610	  692
 3610	  692
 3610	  692
 3610	  687
 3605	  687
 3605	  687
 3605	  687
 3605	  687
 3605	  687
 3600	  687
 3600	  687
 3600	  687
 3595	  687
 3595	  682
 3595	  682
 3595	  682
 3595	  682
 3590	  682
 3590	  677
 3590	  677
 3590	  677
 3585	  677
 3585	  677
 3585	  677
 3579	  677
 3579	  677
 3579	  677
 3579	  677
 3579	  677
 3574	  672
 3574	  672
 3574	  672
 3574	  672
 3574	  672
 3569	  672
 3569	  672
 3564	  672
 3564	  672
 3564	  672
 3564	  672
 3564	  667
 3559	  667
 3559	  667
 3559	  667
 3559	  667
 3559	  667
 3554	  661
 3554	  661
 3548	  661
 3548	  661
 3548	  661
 3548	  661
 3548	  661
 3543	  661
 3543	  661
 3543	  661
 3543	  661
 3543	  656
 3538	  656
 3538	  656
 3533	  656
 3533	  656
 3533	  656
 3533	  656
 3533	  656
 3528	  656
 3528	  656
 3528	  656
 3528	  656
 3528	  656
 3523	  651
 3523	  651
 3517	  651
 3517	  651
 3517	  651
 3517	  651
 3517	  646
 3512	  646
 3512	  646
 3512	  646
 3512	  646
 3512	  646
 3507	  646
 3507	  646
 3507	  646
 3507	  646
 3507	  646
 3502	  646
 3502	  646
 3497	  646
 3497	  641
 3497	  641
 3497	  641
 3497	  641
 3492	  641
 3492	  641
 3492	  641
 3492	  641
 3487	  641
 3487	  641
 3487	  641
 3481	  641
 3481	  641
 3481	  641
 3481	  641
 3476	  636
 3476	  636
 3476	  636
 3476	  636
 3476	  636
 3471	  636
 3471	  636
 3466	  636
 3466	  631
 3466	  631
 3466	  631
 3466	  631
 3461	  631
 3461	  631
 3461	  631
 3461	  631
 3461	  631
 3456	  631
 3456	  631
 3450	  631
 3450	  631
 3450	  631
 3450	  631
 3450	  631
 3445	  631
 3445	  625
 3445	  625
 3445	  625
 3440	  625
 3440	  625
 3440	  625
 3435	  625
 3435	  625
 3435	  625
 3435	  625
 3430	  625
 3430	  625
 3430	  625
 3430	  625
 3430	  625
 3425	  625
 3425	  625
 3420	  625
 3420	  625
 3420	  620
 3420	  620
 3420	  620
 3414	  620
 3414	  620
 3414	  620
 3414	  620
 3409	  620
 3409	  620
 3409	  620
 3404	  620
 3404	  615
 3404	  615
 3404	  615
 3399	  615
 3399	  615
 3399	  615
 3399	  615
 3399	  615
 3394	  615
 3394	  615
 3389	  615
 3389	  615
 3389	  615
 3389	  615
 3389	  615
 3383	  615
 3383	  615
 3383	  615
 3383	  615
 3378	  615
 3378	  615
 3373	  615
 3373	  615
 3373	  615
 3373	  615
 3373	  615
 3368	  610
 3368	  610
 3368	  610
 3368	  610
 3363	  610
 3363	  610
 3363	  610
 3358	  610
 3358	  610
 3358	  610
 3358	  610
 3352	  610
 3352	  610
 3352	  610
 3352	  610
 3352	  610
 3347	  610
 3347	  610
 3342	  610
 3342	  610
 3342	  610
 3342	  610
 3337	  610
 3337	  610
 3337	  610
 3337	  610
 3337	  610
 3332	  610
 3332	  610
 3327	  610
 3327	  610
 3327	  610
 3327	  610
 3327	  610
 3322	  610
 3322	  610
 3322	  610
 3322	  605
 3316	  605
 3316	  605
 3311	  605
 3311	  605
 3311	  605
 3311	  605
 3311	  605
 3306	  605
 3306	  605
 3306	  605
 3306	  605
 3301	  605
 3301	  605
 3301	  605
 3296	  605
 3296	  605
 3296	  605
 3296	  605
 3291	  605
 3291	  605
 3291	  605
 3291	  605
 3291	  605
 3285	  605
 3285	  605
 3280	  605
 3280	  605
 3280	  605
 3280	  605
 3275	  605
 3275	  605
 3275	  605
 3275	  605
 3275	  605
 3270	  605
 3270	  605
 3265	  605
 3265	  605
 3265	  605
 3265	  605
 3265	  605
 3260	  605
 3260	  605
 3260	  605
 3260	  605
 3255	  605
 3255	  605
 3255	  605
 3255	  605
 3255	  600
 3255	  605
 3255	  605
 3249	  605
 3249	  605
 3244	  605
 3244	  605
 3244	  605
 3244	  605
 3239	  605
 3239	  605
 3239	  605
 3239	  605
 3239	  605
 3234	  605
 3234	  605
 3229	  605
 3229	  605
 3229	  605
 3229	  605
 3229	  605
 3224	  605
 3224	  605
 3224	  605
 3224	  605
 3218	  605
 3218	  605
 3213	  605
 3213	  605
 3213	  605
 3213	  605
 3213	  605
 3208	  605
 3208	  605
 3208	  605
 3208	  605
 3203	  605
 3203	  605
 3203	  605
 3198	  605
 3198	  605
 3198	  605
 3198	  605
 3193	  605
 3193	  605
 3193	  605
 3193	  605
 3193	  605
 3187	  605
 3187	  605
 3182	  605
 3182	  610
 3182	  610
 3182	  610
 3177	  610
 3177	  610
 3177	  610
 3177	  610
 3177	  610
 3172	  610
 3172	  610
 3167	  610
 3167	  610
 3167	  610
 3167	  610
 3167	  610
 3162	  610
 3162	  610
 3162	  610
 3162	  610
 3157	  610
 3157	  610
 3151	  610
 3151	  610
 3151	  610
 3151	  610
 3151	  610
 3146	  610
 3146	  610
 3146	  610
 3146	  610
 3141	  610
 3141	  610
 3141	  610
 3136	  610
 3136	  610
 3136	  610
 3136	  610
 3131	  615
 3131	  615
 3131	  615
 3131	  615
 3131	  615
 3126	  615
 3126	  615
 3120	  615
 3120	  615
 3120	  615
 3120	  615
 3115	  615
 3115	  615
 3115	  615
 3115	  615
 3115	  615
 3110	  615
 3110	  615
 3105	  615
 3105	  615
 3105	  615
 3105	  615
 3105	  615
 3100	  615
 3100	  615
 3100	  615
 3100	  620
 3095	  620
 3095	  620
 3095	  620
 3090	  620
 3090	  620
 3090	  620
 3090	  620
 3084	  620
 3084	  620
 3084	  620
 3084	  625
 3084	  625
 3079	  625
 3079	  625
 3074	  625
 3074	  625
 3074	  625
 3074	  625
 3074	  625
 3069	  625
 3069	  625
 3069	  625
 3069	  625
 3064	  625
 3064	  625
 3064	  625
 3059	  625
 3059	  625
 3059	  625
 3059	  631
 3053	  631
 3053	  631
 3053	  631
 3053	  631
 3053	  631
 3048	  631
 3048	  631
 3043	  631
 3043	  631
 3043	  631
 3043	  631
 3043	  631
 3038	  631
 3038	  631
 3038	  631
 3038	  631
 3038	  636
 3033	  636
 3033	  636
 3028	  636
 3028	  636
 3028	  636
 3028	  636
 3028	  636
 3022	  641
 3022	  641
 3022	  641
 3022	  641
 3017	  641
 3017	  641
 3017	  641
 3012	  641
 3012	  641
 3012	  641
 3012	  641
 3007	  641
 3007	  641
 3007	  641
 3007	  641
 3007	  646
 3002	  646
 3002	  646
 2997	  646
 2997	  646
 2997	  646
 2997	  646
 2997	  646
 2992	  646
 2992	  646
 2992	  646
 2992	  646
 2992	  646
 2986	  646
 2986	  651
 2986	  651
 2986	  651
 2986	  651
 2981	  651
 2981	  651
 2976	  656
 2976	  656
 2976	  656
 2976	  656
 2976	  656
 2971	  656
 2971	  656
 2971	  656
 2971	  656
 2971	  656
 2966	  656
 2966	  656
 2961	  656
 2961	  661
 2961	  661
 2961	  661
 2961	  661
 2955	  661
 2955	  661
 2955	  661
 2955	  661
 2955	  661
 2950	  661
 2950	  661
 2945	  667
 2945	  667
 2945	  667
 2945	  667
 2945	  667
 2940	  667
 2940	  672
 2940	  672
 2940	  672
 2940	  672
 2935	  672
 2935	  672
 2930	  672
 2930	  672
 2930	  672
 2930	  672
 2930	  672
 2925	  677
 2925	  677
 2925	  677
 2925	  677
 2925	  677
 2919	  677
 2919	  677
 2919	  677
 2914	  677
 2914	  677
 2914	  677
 2914	  682
 2909	  682
 2909	  682
 2909	  682
 2909	  682
 2909	  687
 2904	  687
 2904	  687
 2904	  687
 2899	  687
 2899	  687
 2899	  687
 2899	  687
 2899	  687
 2894	  687
 2894	  692
 2894	  692
 2894	  692
 2894	  692
 2888	  692
 2888	  692
 2888	  692
 2883	  692
 2883	  692
 2883	  692
 2883	  698
 2883	  698
 2878	  698
 2878	  698
 2878	  703
 2878	  703
 2878	  703
 2873	  703
 2873	  703
 2868	  703
 2868	  703
 2868	  703
 2868	  703
 2868	  703
 2863	  708
 2863	  708
 2863	  708
 2863	  708
 2863	  708
 2863	  708
 2857	  708
 2857	  708
 2852	  708
 2852	  713
 2852	  713
 2852	  713
 2852	  713
 2847	  718
 2847	  718
 2847	  718
 2847	  718
 2847	  718
 2847	  718
 2842	  718
 2842	  718
 2837	  718
 2837	  723
 2837	  723
 2837	  723
 2837	  723
 2832	  723
 2832	  723
 2832	  723
 2832	  723
 2832	  729
 2832	  729
 2827	  729
 2827	  729
 2821	  734
 2821	  734
 2821	  734
 2821	  734
 2821	  734
 2821	  734
 2816	  734
 2816	  734
 2816	  739
 2816	  739
 2816	  739
 2811	  739
 2811	  739
 2811	  739
 2806	  739
 2806	  739
 2806	  744
 2806	  744
 2806	  744
 2801	  744
 2801	  749
 2801	  749
 2801	  749
 2801	  749
 2801	  749
 2796	  749
 2796	  749
 2790	  749
 2790	  754
 2790	  754
 2790	  754
 2790	  754
 2790	  754
 2785	  754
 2785	  754
 2785	  754
 2785	  759
 2785	  759
 2785	  759
 2780	  765
 2780	  765
 2775	  765
 2775	  765
 2775	  765
 2775	  765
 2775	  765
 2775	  765
 2770	  770
 2770	  770
 2770	  770
 2770	  770
 2770	  770
 2770	  770
 2765	  770
 2765	  775
 2760	  775
 2760	  775
 2760	  775
 2760	  780
 2760	  780
 2760	  780
 2754	  780
 2754	  780
 2754	  780
 2754	  780
 2754	  785
 2754	  785
 2749	  785
 2749	  785
 2749	  785
 2744	  785
 2744	  785
 2744	  790
 2744	  790
 2744	  790
 2744	  796
 2739	  796
 2739	  796
 2739	  796
 2739	  796
 2739	  796
 2739	  796
 2734	  801
 2734	  801
 2734	  801
 2729	  801
 2729	  801
 2729	  801
 2729	  801
 2729	  806
 2729	  806
 2723	  806
 2723	  811
 2723	  811
 2723	  811
 2723	  811
 2723	  811
 2718	  811
 2718	  811
 2718	  816
 2718	  816
 2718	  816
 2718	  816
 2713	  816
 2713	  816
 2713	  816
 2708	  821
 2708	  821
 2708	  821
 2708	  826
 2708	  826
 2708	  826
 2703	  826
 2703	  826
 2703	  826
 2703	  832
 2703	  832
 2703	  832
 2698	  832
 2698	  832
 2698	  832
 2692	  832
 2692	  837
 2692	  837
 2692	  837
 2692	  842
 2692	  842
 2692	  842
 2687	  842
 2687	  842
 2687	  842
 2687	  847
 2687	  847
 2687	  847
 2682	  847
 2682	  847
 2682	  847
 2677	  852
 2677	  852
 2677	  852
 2677	  857
 2677	  857
 2677	  857
 2677	  857
 2672	  857
 2672	  857
 2672	  863
 2672	  863
 2672	  863
 2672	  863
 2672	  863
 2667	  863
 2667	  868
 2667	  868
 2662	  868
 2662	  868
 2662	  868
 2662	  868
 2662	  873
 2662	  873
 2662	  873
 2656	  878
 2656	  878
 2656	  878
 2656	  878
 2656	  878
 2656	  878
 2656	  883
 2651	  883
 2651	  883
 2651	  883
 2646	  883
 2646	  883
 2646	  888
 2646	  888
 2646	  888
 2646	  894
 2646	  894
 2641	  894
 2641	  894
 2641	  894
 2641	  894
 2641	  899
 2641	  899
 2641	  899
 2636	  899
 2636	  899
 2636	  899
 2636	  904
 2631	  904
 2631	  909
 2631	  909
 2631	  909
 2631	  909
 2631	  909
 2631	  909
 2625	  914
 2625	  914
 2625	  914
 2625	  914
 2625	  914
 2625	  914
 2625	  919
 2625	  919
 2620	  924
 2620	  924
 2620	  924
 2615	  924
 2615	  924
 2615	  924
 2615	  930
 2615	  930
 2615	  930
 2615	  930
 2615	  930
 2610	  930
 2610	  935
 2610	  935
 2610	  940
 2610	  940
 2610	  940
 2610	  940
 2610	  940
 2605	  940
 2605	  945
 2605	  945
 2605	  945
 2600	  945
 2600	  945
 2600	  950
 2600	  950
 2600	  950
 2600	  955
 2600	  955
 2600	  955
 2595	  955
 2595	  955
 2595	  961
 2595	  961
 2595	  961
 2595	  961
 2595	  961
 2595	  961
 2589	  966
 2589	  966
 2589	  971
 2589	  971
 2584	  971
 2584	  971
 2584	  971
 2584	  971
 2584	  976
 2584	  976
 2584	  976
 2584	  976
 2579	  976
 2579	  981
 2579	  981
 2579	  986
 2579	  986
 2579	  986
 2579	  986
 2579	  986
 2579	  986
 2574	  991
 2574	  991
 2574	  991
 2574	  991
 2569	  991
 2569	  997
 2569	  997
 2569	 1002
 2569	 1002
 2569	 1002
 2569	 1002
 2569	 1002
 2569	 1002
 2564	 1007
 2564	 1007
 2564	 1007
 2564	 1007
 2564	 1007
 2564	 1012
 2564	 1012
 2564	 1017
 2564	 1017
 2564	 1017
 2558	 1017
 2558	 1017
 2558	 1022
 2558	 1022
 2553	 1022
 2553	 1022
 2553	 1022
 2553	 1028
 2553	 1028
 2553	 1028
 2553	 1033
 2553	 1033
 2553	 1033
 2553	 1033
 2548	 1033
 2548	 1038
 2548	 1038
 2548	 1038
 2548	 1038
 2548	 1038
 2548	 1043
 2548	 1043
 2548	 1043
 2548	 1048
 2543	 1048
 2543	 1048
 2543	 1048
 2543	 1048
 2543	 1053
 2538	 1053
 2538	 1053
 2538	 1053
 2538	 1059
 2538	 1059
 2538	 1059
 2538	 1064
 2538	 1064
 2538	 1064
 2538	 1064
 2538	 1064
 2533	 1069
 2533	 1069
 2533	 1069
 2533	 1069
 2533	 1069
 2533	 1074
 2533	 1074
 2533	 1079
 2533	 1079
 2533	 1079
 2533	 1079
 2527	 1079
 2527	 1084
 2527	 1084
 2527	 1084
 2527	 1084
 2527	 1084
 2522	 1089
 2522	 1089
 2522	 1095
 2522	 1095
 2522	 1095
 2522	 1095
 2522	 1095
 2522	 1100
 2522	 1100
 2522	 1100
 2522	 1100
 2517	 1100
 2517	 1105
 2517	 1105
 2517	 1110
 2517	 1110
 2517	 1110
 2517	 1110
 2517	 1110
 2517	 1115
 2517	 1115
 2517	 1115
 2517	 1115
 2517	 1115
 2512	 1120
 2512	 1120
 2512	 1126
 2512	 1126
 2512	 1126
 2512	 1126
 2507	 1126
 2507	 1131
 2507	 1131
 2507	 1131
 2507	 1131
 2507	 1131
 2507	 1136
 2507	 1136
 2507	 1136
 2507	 1136
 2507	 1136
 2507	 1141
 2507	 1141
 2507	 1146
 2502	 1146
 2502	 1146
 2502	 1146
 2502	 1146
 2502	 1151
 2502	 1151
 2502	 1151
 2502	 1151
 2502	 1156
 2502	 1156
 2502	 1156
 2502	 1162
 2502	 1162
 2502	 1162
 2502	 1162
 2497	 1167
 2497	 1167
 2497	 1167
 2497	 1167
 2497	 1167
 2497	 1172
 2497	 1172
 2497	 1177
 2491	 1177
 2491	 1177
 2491	 1177
 2491	 1177
 2491	 1182
 2491	 1182
 2491	 1182
 2491	 1182
 2491	 1182
 2491	 1187
 2491	 1187
 2491	 1193
 2491	 1193
 2491	 1193
 2491	 1193
 2491	 1193
 2491	 1198
 2486	 1198
 2486	 1198
 2486	 1198
 2486	 1203
 2486	 1203
 2486	 1203
 2486	 1208
 2486	 1208
 2486	 1208
 2486	 1208
 2486	 1213
 2486	 1213
 2486	 1213
 2486	 1213
 2486	 1213
 2486	 1218
 2486	 1218
 2486	 1224
 2486	 1224
 2481	 1224
 2481	 1224
 2481	 1224
 2481	 1229
 2481	 1229
 2481	 1229
 2481	 1229
 2481	 1234
 2481	 1234
 2481	 1234
 2481	 1239
 2476	 1239
 2476	 1239
 2476	 1239
 2476	 1244
 2476	 1244
 2476	 1244
 2476	 1244
 2476	 1244
 2476	 1249
 2476	 1249
 2476	 1254
 2476	 1254
 2476	 1254
 2476	 1254
 2476	 1254
 2476	 1260
 2476	 1260
 2476	 1260
 2476	 1260
 2476	 1265
 2476	 1265
 2476	 1270
 2476	 1270
 2476	 1270
 2476	 1270
 2476	 1270
 2471	 1275
 2471	 1275
 2471	 1275
 2471	 1275
 2471	 1280
 2471	 1280
 2471	 1280
 2471	 1285
 2471	 1285
 2471	 1285
 2471	 1285
 2471	 1291
 2471	 1291
 2471	 1291
 2471	 1291
 2471	 1291
 2471	 1296
 2471	 1296
 2471	 1301
 2471	 1301
 2471	 1301
 2471	 1301
 2471	 1306
 2471	 1306
 2471	 1306
 2471	 1306
 2471	 1306
 2471	 1311
 2471	 1311
 2471	 1316
 2471	 1316
 2471	 1316
 2471	 1316
 2471	 1316
 2471	 1321
 2471	 1321
 2471	 1321
 2466	 1321
 2466	 1327
 2466	 1327
 2466	 1332
 2466	 1332
 2466	 1332
 2466	 1332
 2466	 1332
 2466	 1337
 2466	 1337
 2466	 1337
 2466	 1337
 2466	 1342
 2466	 1342
 2466	 1342
 2466	 1347
 2466	 1347
 2466	 1347
 2466	 1347
 2466	 1352
 2466	 1352
 2466	 1352
 2466	 1352
 2466	 1352
 2466	 1358
 2466	 1358
 2466	 1363
 2466	 1363
 2466	 1363
 2466	 1363
 2466	 1368
 2466	 1368
 2466	 1368
 2466	 1368
 2466	 1368
 2466	 1373
 2466	 1373
 2466	 1378
 2466	 1378
 2466	 1378
 2466	 1378
 2466	 1378
 2466	 1383
 2466	 1383
 2466	 1383
 2466	 1383
 2466	 1389
 2466	 1389
 2466	 1389
 2466	 1389
 2466	 1389
 2466	 1389
 2466	 1389
 2466	 1394
 2466	 1394
 2466	 1399
 2466	 1399
 2466	 1399
 2466	 1399
 2466	 1404
 2466	 1404
 2466	 1404
 2466	 1404
 2466	 1404
 2466	 1409
 2466	 1409
 2466	 1414
 2466	 1414
 2466	 1414
 2466	 1414
 2466	 1414
 2466	 1419
 2466	 1419
 2466	 1419
 2466	 1419
 2466	 1425
 2466	 1425
 2466	 1430
 2466	 1430
 2466	 1430
 2466	 1430
 2466	 1430
 2466	 1435
 2466	 1435
 2466	 1435
 2466	 1435
 2466	 1440
 2466	 1440
 2466	 1440
 2466	 1445
 2466	 1445
 2466	 1445
 2466	 1445
 2466	 1450
 2466	 1450
 2466	 1450
 2466	 1450
 2466	 1450
 2466	 1456
 2466	 1456
 2466	 1461
 2471	 1461
 2471	 1461
 2471	 1461
 2471	 1466
 2471	 1466
 2471	 1466
 2471	 1466
 2471	 1466
 2471	 1471
 2471	 1471
 2471	 1476
 2471	 1476
 2471	 1476
 2471	 1476
 2471	 1476
 2471	 1481
 2471	 1481
 2471	 1481
 2471	 1481
 2471	 1486
 2471	 1486
 2471	 1492
 2471	 1492
 2471	 1492
 2471	 1492
 2471	 1492
 2471	 1497
 2471	 1497
 2471	 1497
 2471	 1497
 2471	 1502
 2471	 1502
 2471	 1502
 2471	 1507
 2471	 1507
 2471	 1507
 2471	 1507
 2476	 1512
 2476	 1512
 2476	 1512
 2476	 1512
 2476	 1512
 2476	 1517
 2476	 1517
 2476	 1523
 2476	 1523
 2476	 1523
 2476	 1523
 2476	 1528
 2476	 1528
 2476	 1528
 2476	 1528
 2476	 1528
 2476	 1533
 2476	 1533
 2476	 1538
 2476	 1538
 2476	 1538
 2476	 1538
 2476	 1538
 2476	 1543
 2476	 1543
 2476	 1543
 2481	 1543
 2481	 1548
 2481	 1548
 2481	 1548
 2481	 1554
 2481	 1554
 2481	 1554
 2481	 1554
 2481	 1559
 2481	 1559
 2481	 1559
 2486	 1559
 2486	 1559
 2486	 1564
 2486	 1564
 2486	 1569
 2486	 1569
 2486	 1569
 2486	 1569
 2486	 1569
 2486	 1574
 2486	 1574
 2486	 1574
 2486	 1574
 2486	 1579
 2486	 1579
 2486	 1579
 2486	 1584
 2486	 1584
 2486	 1584
 2491	 1584
 2491	 1590
 2491	 1590
 2491	 1590
 2491	 1590
 2491	 1590
 2491	 1595
 2491	 1595
 2491	 1600
 2491	 1600
 2491	 1600
 2491	 1600
 2491	 1600
 2491	 1605
 2491	 1605
 2491	 1605
 2491	 1605
 2497	 1605
 2497	 1610
 2497	 1610
 2497	 1615
 2497	 1615
 2497	 1615
 2497	 1615
 2497	 1615
 2502	 1621
 2502	 1621
 2502	 1621
 2502	 1621
 2502	 1626
 2502	 1626
 2502	 1626
 2502	 1631
 2502	 1631
 2502	 1631
 2502	 1631
 2502	 1636
 2502	 1636
 2502	 1636
 2502	 1636
 2507	 1636
 2507	 1641
 2507	 1641
 2507	 1646
 2507	 1646
 2507	 1646
 2507	 1646
 2507	 1646
 2507	 1651
 2507	 1651
 2507	 1651
 2507	 1651
 2507	 1651
 2507	 1657
 2512	 1657
 2512	 1657
 2512	 1657
 2512	 1657
 2512	 1662
 2512	 1662
 2517	 1667
 2517	 1667
 2517	 1667
 2517	 1667
 2517	 1667
 2517	 1672
 2517	 1672
 2517	 1672
 2517	 1672
 2517	 1672
 2517	 1677
 2517	 1677
 2517	 1682
 2522	 1682
 2522	 1682
 2522	 1682
 2522	 1682
 2522	 1688
 2522	 1688
 2522	 1688
 2522	 1688
 2522	 1688
 2522	 1693
 2522	 1693
 2527	 1698
 2527	 1698
 2527	 1698
 2527	 1698
 2527	 1698
 2527	 1703
 2533	 1703
 2533	 1703
 2533	 1703
 2533	 1703
 2533	 1708
 2533	 1708
 2533	 1713
 2533	 1713
 2533	 1713
 2533	 1713
 2533	 1713
 2538	 1719
 2538	 1719
 2538	 1719
 2538	 1719
 2538	 1719
 2538	 1724
 2538	 1724
 2538	 1724
 2538	 1729
 2538	 1729
 2538	 1729
 2543	 1729
 2543	 1734
 2543	 1734
 2543	 1734
 2543	 1734
 2548	 1734
 2548	 1739
 2548	 1739
 2548	 1739
 2548	 1744
 2548	 1744
 2548	 1744
 2548	 1744
 2548	 1744
 2548	 1749
 2553	 1749
 2553	 1749
 2553	 1749
 2553	 1749
 2553	 1755
 2553	 1755
 2553	 1755
 2553	 1760
 2553	 1760
 2553	 1760
 2558	 1760
 2558	 1760
 2558	 1765
 2558	 1765
 2564	 1765
 2564	 1765
 2564	 1765
 2564	 1770
 2564	 1770
 2564	 1775
 2564	 1775
 2564	 1775
 2564	 1775
 2564	 1775
 2569	 1780
 2569	 1780
 2569	 1780
 2569	 1780
 2569	 1780
 2569	 1780
 2569	 1786
 2569	 1786
 2569	 1791
 2574	 1791
 2574	 1791
 2574	 1791
 2574	 1791
 2579	 1796
 2579	 1796
 2579	 1796
 2579	 1796
 2579	 1796
 2579	 1796
 2579	 1801
 2579	 1801
 2579	 1806
 2584	 1806
 2584	 1806
 2584	 1806
 2584	 1806
 2584	 1811
 2584	 1811
 2584	 1811
 2584	 1811
 2589	 1811
 2589	 1811
 2589	 1816
 2589	 1816
 2595	 1822
 2595	 1822
 2595	 1822
 2595	 1822
 2595	 1822
 2595	 1822
 2595	 1827
 2595	 1827
 2600	 1827
 2600	 1827
 2600	 1827
 2600	 1832
 2600	 1832
 2600	 1832
 2600	 1837
 2600	 1837
 2605	 1837
 2605	 1837
 2605	 1837
 2605	 1842
 2610	 1842
 2610	 1842
 2610	 1842
 2610	 1842
 2610	 1842
 2610	 1847
 2610	 1847
 2610	 1853
 2615	 1853
 2615	 1853
 2615	 1853
 2615	 1853
 2615	 1853
 2615	 1858
 2615	 1858
 2615	 1858
 2620	 1858
 2620	 1858
 2620	 1858
 2625	 1863
 2625	 1863
 2625	 1868
 2625	 1868
 2625	 1868
 2625	 1868
 2625	 1868
 2625	 1868
 2631	 1873
 2631	 1873
 2631	 1873
 2631	 1873
 2631	 1873
 2631	 1873
 2631	 1878
 2636	 1878
 2636	 1884
 2636	 1884
 2636	 1884
 2641	 1884
 2641	 1884
 2641	 1884
 2641	 1889
 2641	 1889
 2641	 1889
 2641	 1889
 2646	 1889
 2646	 1889
 2646	 1894
 2646	 1894
 2646	 1894
 2646	 1899
 2646	 1899
 2651	 1899
 2651	 1899
 2651	 1899
 2656	 1899
 2656	 1904
 2656	 1904
 2656	 1904
 2656	 1904
 2656	 1904
 2656	 1904
 2662	 1909
 2662	 1909
 2662	 1909
 2662	 1914
 2662	 1914
 2662	 1914
 2662	 1914
 2667	 1914
 2667	 1914
 2667	 1920
 2672	 1920
 2672	 1920
 2672	 1920
 2672	 1920
 2672	 1920
 2672	 1925
 2672	 1925
 2677	 1925
 2677	 1925
 2677	 1925
 2677	 1925
 2677	 1930
 2677	 1930
 2677	 1930
 2682	 1935
 2682	 1935
 2682	 1935
 2687	 1935
 2687	 1935
 2687	 1935
 2687	 1940
 2687	 1940
 2687	 1940
 2692	 1940
 2692	 1940
 2692	 1940
 2692	 1945
 2692	 1945
 2692	 1945
 2692	 1951
 2698	 1951
 2698	 1951
 2698	 1951
 2703	 1951
 2703	 1951
 2703	 1951
 2703	 1956
 2703	 1956
 2703	 1956
 2708	 1956
 2708	 1956
 2708	 1956
 2708	 1961
 2708	 1961
 2708	 1961
 2713	 1966
 2713	 1966
 2713	 1966
 2718	 1966
 2718	 1966
 2718	 1966
 2718	 1966
 2718	 1971
 2718	 1971
 2723	 1971
 2723	 1971
 2723	 1971
 2723	 1971
 2723	 1971
 2723	 1976
 2729	 1976
 2729	 1976
 2729	 1981
 2729	 1981
 2729	 1981
 2729	 1981
 2734	 1981
 2734	 1981
 2734	 1981
 2739	 1987
 2739	 1987
 2739	 1987
 2739	 1987
 2739	 1987
 2739	 1987
 2744	 1987
 2744	 1992
 2744	 1992
 2744	 1992
 2744	 1997
 2744	 1997
 2749	 1997
 2749	 1997
 2749	 1997
 2754	 1997
 2754	 1997
 2754	 2002
 2754	 2002
 2754	 2002
 2754	 2002
 2760	 2002
 2760	 2002
 2760	 2002
 2760	 2007
 2760	 2007
 2760	 2007
 2765	 2007
 2765	 2012
 2770	 2012
 2770	 2012
 2770	 2012
 2770	 2012
 2770	 2012
 2770	 2012
 2775	 2018
 2775	 2018
 2775	 2018
 2775	 2018
 2775	 2018
 2775	 2018
 2780	 2018
 2780	 2018
 2785	 2023
 2785	 2023
 2785	 2023
 2785	 2028
 2785	 2028
 2785	 2028
 2790	 2028
 2790	 2028
 2790	 2028
 2790	 2028
 2790	 2028
 2790	 2033
 2796	 2033
 2796	 2033
 2801	 2033
 2801	 2033
 2801	 2033
 2801	 2033
 2801	 2033
 2801	 2038
 2806	 2038
 2806	 2038
 2806	 2038
 2806	 2043
 2806	 2043
 2811	 2043
 2811	 2043
 2811	 2043
 2816	 2043
 2816	 2043
 2816	 2043
 2816	 2049
 2816	 2049
 2821	 2049
 2821	 2049
 2821	 2049
 2821	 2049
 2821	 2049
 2821	 2049
 2827	 2054
 2827	 2054
 2832	 2054
 2832	 2054
 2832	 2059
 2832	 2059
 2832	 2059
 2832	 2059
 2837	 2059
 2837	 2059
 2837	 2059
 2837	 2059
 2837	 2064
 2842	 2064
 2842	 2064
 2847	 2064
 2847	 2064
 2847	 2064
 2847	 2064
 2847	 2064
 2847	 2064
 2852	 2069
 2852	 2069
 2852	 2069
 2852	 2069
 2852	 2074
 2857	 2074
 2857	 2074
 2863	 2074
 2863	 2074
 2863	 2074
 2863	 2074
 2863	 2074
 2863	 2074
 2868	 2079
 2868	 2079
 2868	 2079
 2868	 2079
 2868	 2079
 2873	 2079
 2873	 2079
 2878	 2079
 2878	 2079
 2878	 2079
 2878	 2085
 2878	 2085
 2883	 2085
 2883	 2085
 2883	 2090
 2883	 2090
 2883	 2090
 2888	 2090
 2888	 2090
 2888	 2090
 2894	 2090
 2894	 2090
 2894	 2090
 2894	 2090
 2894	 2095
 2899	 2095
 2899	 2095
 2899	 2095
 2899	 2095
 2899	 2095
 2904	 2095
 2904	 2095
 2904	 2095
 2909	 2095
 2909	 2100
 2909	 2100
 2909	 2100
 2909	 2100
 2914	 2100
 2914	 2105
 2914	 2105
 2914	 2105
 2919	 2105
 2919	 2105
 2919	 2105
 2925	 2105
 2925	 2105
 2925	 2105
 2925	 2105
 2925	 2105
 2930	 2110
 2930	 2110
 2930	 2110
 2930	 2110
 2930	 2110
 2935	 2110
 2935	 2110
 2940	 2110
 2940	 2110
 2940	 2110
 2940	 2110
 2940	 2116
 2945	 2116
 2945	 2116
 2945	 2116
 2945	 2116
 2945	 2116
 2950	 2121
 2950	 2121
 2955	 2121
 2955	 2121
 2955	 2121
 2955	 2121
 2955	 2121
 2961	 2121
 2961	 2121
 2961	 2121
 2961	 2121
 2961	 2126
 2966	 2126
 2966	 2126
 2971	 2126
 2971	 2126
 2971	 2126
 2971	 2126
 2971	 2126
 2976	 2126
 2976	 2126
 2976	 2126
 2976	 2126
 2976	 2126
 2981	 2131
 2981	 2131
 2986	 2131
 2986	 2131
 2986	 2131
 2986	 2131
 2986	 2136
 2992	 2136
 2992	 2136
 2992	 2136
 2992	 2136
 2992	 2136
 2997	 2136
 2997	 2136
 2997	 2136
 2997	 2136
 2997	 2136
 3002	 2136
 3002	 2136
 3007	 2136
 3007	 2141
 3007	 2141
 3007	 2141
 3007	 2141
 3012	 2141
 3012	 2141
 3012	 2141
 3012	 2141
 3017	 2141
 3017	 2141
 3017	 2141
 3022	 2141
 3022	 2141
 3022	 2141
 3022	 2141
 3028	 2146
 3028	 2146
 3028	 2146
 3028	 2146
 3028	 2146
 3033	 2146
 3033	 2146
 3038	 2146
 3038	 2152
 3038	 2152
 3038	 2152
 3038	 2152
 3043	 2152
 3043	 2152
 3043	 2152
 3043	 2152
 3043	 2152
 3048	 2152
 3048	 2152
 3053	 2152
 3053	 2152
 3053	 2152
 3053	 2152
 3053	 2152
 3059	 2152
 3059	 2157
 3059	 2157
 3059	 2157
 3064	 2157
 3064	 2157
 3064	 2157
 3069	 2157
 3069	 2157
 3069	 2157
 3069	 2157
 3074	 2157
 3074	 2157
 3074	 2157
 3074	 2157
 3074	 2157
 3079	 2157
 3079	 2157
 3084	 2157
 3084	 2157
 3084	 2162
 3084	 2162
 3084	 2162
 3090	 2162
 3090	 2162
 3090	 2162
 3090	 2162
 3095	 2162
 3095	 2162
 3095	 2162
 3100	 2162
 3100	 2167
 3100	 2167
 3100	 2167
 3105	 2167
 3105	 2167
 3105	 2167
 3105	 2167
 3105	 2167
 3110	 2167
 3110	 2167
 3115	 2167
 3115	 2167
 3115	 2167
 3115	 2167
 3115	 2167
 3120	 2167
 3120	 2167
 3120	 2167
 3120	 2167
 3126	 2167
 3126	 2167
 3131	 2167
 3131	 2167
 3131	 2167
 3131	 2167
 3131	 2167
 3136	 2172
 3136	 2172
 3136	 2172
 3136	 2172
 3141	 2172
 3141	 2172
 3141	 2172
 3146	 2172
 3146	 2172
 3146	 2172
 3146	 2172
 3151	 2172
 3151	 2172
 3151	 2172
 3151	 2172
 3151	 2172
 3157	 2172
 3157	 2172
 3162	 2172
 3162	 2172
 3162	 2172
 3162	 2172
 3167	 2172
 3167	 2172
 3167	 2172
 3167	 2172
 3167	 2172
 3172	 2172
 3172	 2172
 3177	 2172
 3177	 2172
 3177	 2172
 3177	 2172
 3177	 2172
 3182	 2172
 3182	 2172
 3182	 2172
 3182	 2177
 3187	 2177
 3187	 2177
 3193	 2177
 3193	 2177
 3193	 2177
 3193	 2177
 3193	 2177
 3198	 2177
 3198	 2177
 3198	 2177
 3198	 2177
 3203	 2177
 3203	 2177
 3203	 2177
 3208	 2177
 3208	 2177
 3208	 2177
 3208	 2177
 3213	 2177
 3213	 2177
 3213	 2177
 3213	 2177
 3213	 2177
 3218	 2177
 3218	 2177
 3224	 2177
 3224	 2177
 3224	 2177
 3224	 2177
 3229	 2177
 3229	 2177
 3229	 2177
 3229	 2177
 3229	 2177
 3234	 2177
 3234	 2177
 3239	 2177
 3239	 2177
 3239	 2177
 3239	 2177
 3239	 2177
 3244	 2177
 3244	 2177
 3244	 2177
 3244	 2177
 3249	 2177
 3249	 2177
 3255	 2177
 3255	 2177
 3255	 2177
 3255	 2177
 3255	 2177
 3255	 2177
 3255	 2177
 3260	 2177
 3260	 2177
 3260	 2177
 3260	 2177
 3265	 2177
 3265	 2177
 3265	 2177
 3265	 2177
 3265	 2177
 3270	 2177
 3270	 2177
 3275	 2177
 3275	 2177
 3275	 2177
 3275	 2177
 3275	 2177
 3280	 2177
 3280	 2177
 3280	 2177
 3280	 2177
 3285	 2177
 3285	 2177
 3291	 2177
 3291	 2177
 3291	 2177
 3291	 2177
 3291	 2177
 3296	 2177
 3296	 2177
 3296	 2177
 3296	 2177
 3301	 2177
 3301	 2177
 3301	 2177
 3306	 2177
 3306	 2177
 3306	 2177
 3306	 2177
 3311	 2177
 3311	 2177
 3311	 2177
 3311	 2177
 3311	 2177
 3316	 2177
 3316	 2177
 3322	 2177
 3322	 2172
 3322	 2172
 3322	 2172
 3327	 2172
 3327	 2172
 3327	 2172
 3327	 2172
 3327	 2172
 3332	 2172
 3332	 2172
 3337	 2172
 3337	 2172
 3337	 2172
 3337	 2172
 3337	 2172
 3342	 2172
 3342	 2172
 3342	 2172
 3342	 2172
 3347	 2172
 3347	 2172
 3352	 2172
 3352	 2172
 3352	 2172
 3352	 2172
 3352	 2172
 3358	 2172
 3358	 2172
 3358	 2172
 3358	 2172
 3363	 2172
 3363	 2172
 3363	 2172
 3368	 2172
 3368	 2172
 3368	 2172
 3368	 2172
 3373	 2167
 3373	 2167
 3373	 2167
 3373	 2167
 3373	 2167
 3378	 2167
 3378	 2167
 3383	 2167
 3383	 2167
 3383	 2167
 3383	 2167
 3389	 2167
 3389	 2167
 3389	 2167
 3389	 2167
 3389	 2167
 3394	 2167
 3394	 2167
 3399	 2167
 3399	 2167
 3399	 2167
 3399	 2167
 3399	 2167
 3404	 2167
 3404	 2167
 3404	 2167
 3404	 2162
 3409	 2162
 3409	 2162
 3409	 2162
 3414	 2162
 3414	 2162
 3414	 2162
 3414	 2162
 3420	 2162
 3420	 2162
 3420	 2162
 3420	 2157
 3420	 2157
 3425	 2157
 3425	 2157
 3430	 2157
 3430	 2157
 3430	 2157
 3430	 2157
 3430	 2157
 3435	 2157
 3435	 2157
 3435	 2157
 3435	 2157
 3440	 2157
 3440	 2157
 3440	 2157
 3445	 2157
 3445	 2157
 3445	 2157
 3445	 2152
 3450	 2152
 3450	 2152
 3450	 2152
 3450	 2152
 3450	 2152
 3456	 2152
 3456	 2152
 3461	 2152
 3461	 2152
 3461	 2152
 3461	 2152
 3461	 2152
 3466	 2152
 3466	 2152
 3466	 2152
 3466	 2152
 3466	 2146
 3471	 2146
 3471	 2146
 3476	 2146
 3476	 2146
 3476	 2146
 3476	 2146
 3476	 2146
 3481	 2141
 3481	 2141
 3481	 2141
 3481	 2141
 3487	 2141
 3487	 2141
 3487	 2141
 3492	 2141
 3492	 2141
 3492	 2141
 3492	 2141
 3497	 2141
 3497	 2141
 3497	 2141
 3497	 2141
 3497	 2136
 3502	 2136
 3502	 2136
 3507	 2136
 3507	 2136
 3507	 2136
 3507	 2136
 3507	 2136
 3512	 2136
 3512	 2136
 3512	 2136
 3512	 2136
 3512	 2136
 3517	 2136
 3517	 2131
 3517	 2131
 3517	 2131
 3517	 2131
 3523	 2131
 3523	 2131
 3528	 2126
 3528	 2126
 3528	 2126
 3528	 2126
 3528	 2126
 3533	 2126
 3533	 2126
 3533	 2126
 3533	 2126
 3533	 2126
 3538	 2126
 3538	 2126
 3543	 2126
 3543	 2121
 3543	 2121
 3543	 2121
 3543	 2121
 3548	 2121
 3548	 2121
 3548	 2121
 3548	 2121
 3548	 2121
 3554	 2121
 3554	 2121
 3559	 2116
 3559	 2116
 3559	 2116
 3559	 2116
 3559	 2116
 3564	 2116
 3564	 2110
 3564	 2110
 3564	 2110
 3564	 2110
 3569	 2110
 3569	 2110
 3574	 2110
 3574	 2110
 3574	 2110
 3574	 2110
 3574	 2110
 3579	 2105
 3579	 2105
 3579	 2105
 3579	 2105
 3579	 2105
 3585	 2105
 3585	 2105
 3585	 2105
 3590	 2105
 3590	 2105
 3590	 2105
 3590	 2100
 3595	 2100
 3595	 2100
 3595	 2100
 3595	 2100
 3595	 2095
 3600	 2095
 3600	 2095
 3600	 2095
 3605	 2095
 3605	 2095
 3605	 2095
 3605	 2095
 3605	 2095
 3610	 2095
 3610	 2090
 3610	 2090
 3610	 2090
 3610	 2090
 3615	 2090
 3615	 2090
 3615	 2090
 3621	 2090
 3621	 2090
 3621	 2090
 3621	 2085
 3621	 2085
 3626	 2085
 3626	 2085
 3626	 2079
 3626	 2079
 3626	 2079
 3631	 2079
 3631	 2079
 3636	 2079
 3636	 2079
 3636	 2079
 3636	 2079
 3636	 2079
 3641	 2074
 3641	 2074
 3641	 2074
 3641	 2074
 3641	 2074
 3641	 2074
 3646	 2074
 3646	 2074
 3652	 2074
 3652	 2069
 3652	 2069
 3652	 2069
 3652	 2069
 3657	 2064
 3657	 2064
 3657	 2064
 3657	 2064
 3657	 2064
 3657	 2064
 3662	 2064
 3662	 2064
 3667	 2064
 3667	 2059
 3667	 2059
 3667	 2059
 3667	 2059
 3672	 2059
 3672	 2059
 3672	 2059
 3672	 2059
 3672	 2054
 3672	 2054
 3677	 2054
 3677	 2054
 3682	 2049
 3682	 2049
 3682	 2049
 3682	 2049
 3682	 2049
 3682	 2049
 3688	 2049
 3688	 2049
 3688	 2043
 3688	 2043
 3688	 2043
 3693	 2043
 3693	 2043
 3693	 2043
 3698	 2043
 3698	 2043
 3698	 2038
 3698	 2038
 3698	 2038
 3703	 2038
 3703	 2033
 3703	 2033
 3703	 2033
 3703	 2033
 3703	 2033
 3708	 2033
 3708	 2033
 3713	 2033
 3713	 2028
 3713	 2028
 3713	 2028
 3713	 2028
 3713	 2028
 3719	 2028
 3719	 2028
 3719	 2028
 3719	 2023
 3719	 2023
 3719	 2023
 3724	 2018
 3724	 2018
 3729	 2018
 3729	 2018
 3729	 2018
 3729	 2018
 3729	 2018
 3729	 2018
 3734	 2012
 3734	 2012
 3734	 2012
 3734	 2012
 3734	 2012
 3734	 2012
 3739	 2012
 3739	 2007
 3744	 2007
 3744	 2007
 3744	 2007
 3744	 2002
 3744	 2002
 3744	 2002
 3750	 2002
 3750	 2002
 3750	 2002
 3750	 2002
 3750	 1997
 3750	 1997
 3755	 1997
 3755	 1997
 3755	 1997
 3760	 1997
 3760	 1997
 3760	 1992
 3760	 1992
 3760	 1992
 3760	 1987
 3765	 1987
 3765	 1987
 3765	 1987
 3765	 1987
 3765	 1987
 3765	 1987
 3770	 1981
 3770	 1981
 3770	 1981
 3775	 1981
 3775	 1981
 3775	 1981
 3775	 1981
 3775	 1976
 3775	 1976
 3780	 1976
 3780	 1971
 3780	 1971
 3780	 1971
 3780	 1971
 3780	 1971
 3786	 1971
 3786	 1971
 3786	 1966
 3786	 1966
 3786	 1966
 3786	 1966
 3791	 1966
 3791	 1966
 3791	 1966
 3796	 1961
 3796	 1961
 3796	 1961
 3796	 1956
 3796	 1956
 3796	 1956
 3801	 1956
 3801	 1956
 3801	 1956
 3801	 1951
 3801	 1951
 3801	 1951
 3806	 1951
 3806	 1951
 3806	 1951
 3811	 1951
 3811	 1945
 3811	 1945
 3811	 1945
 3811	 1940
 3811	 1940
 3811	 1940
 3817	 1940
 3817	 1940
 3817	 1940
 3817	 1935
 3817	 1935
 3817	 1935
 3822	 1935
 3822	 1935
 3822	 1935
 3827	 1930
 3827	 1930
 3827	 1930
 3827	 1925
 3827	 1925
 3827	 1925
 3827	 1925
 3832	 1925
 3832	 1925
 3832	 1920
 3832	 1920
 3832	 1920
 3832	 1920
 3832	 1920
 3837	 1920
 3837	 1914
 3837	 1914
 3842	 1914
 3842	 1914
 3842	 1914
 3842	 1914
 3842	 1909
 3842	 1909
 3842	 1909
 3847	 1904
 3847	 1904
 3847	 1904
 3847	 1904
 3847	 1904
 3847	 1904
 3847	 1899
 3853	 1899
 3853	 1899
 3853	 1899
 3858	 1899
 3858	 1899
 3858	 1894
 3858	 1894
 3858	 1894
 3858	 1889
 3858	 1889
 3863	 1889
 3863	 1889
 3863	 1889
 3863	 1889
 3863	 1884
 3863	 1884
 3863	 1884
 3868	 1884
 3868	 1884
 3868	 1884
 3868	 1878
 3873	 1878
 3873	 1873
 3873	 1873
 3873	 1873
 3873	 1873
 3873	 1873
 3873	 1873
 3878	 1868
 3878	 1868
 3878	 1868
 3878	 1868
 3878	 1868
 3878	 1868
 3878	 1863
 3878	 1863
 3884	 1858
 3884	 1858
 3884	 1858
 3889	 1858
 3889	 1858
 3889	 1858
 3889	 1853
 3889	 1853
 3889	 1853
 3889	 1853
 3889	 1853
 3894	 1853
 3894	 1847
 3894	 1847
 3894	 1842
 3894	 1842
 3894	 1842
 3894	 1842
 3894	 1842
 3899	 1842
 3899	 1837
 3899	 1837
 3899	 1837
 3904	 1837
 3904	 1837
 3904	 1832
 3904	 1832
 3904	 1832
 3904	 1827
 3904	 1827
 3904	 1827
 3909	 1827
 3909	 1827
 3909	 1822
 3909	 1822
 3909	 1822
 3909	 1822
 3909	 1822
 3909	 1822
 3915	 1816
 3915	 1816
 3915	 1811
 3915	 1811
 3920	 1811
 3920	 1811
 3920	 1811
 3920	 1811
 3920	 1806
 3920	 1806
 3920	 1806
 3920	 1806
 3925	 1806
 3925	 1801
 3925	 1801
 3925	 1796
 3925	 1796
 3925	 1796
 3925	 1796
 3925	 1796
 3925	 1796
 3930	 1791
 3930	 1791
 3930	 1791
 3930	 1791
 3935	 1791
 3935	 1786
 3935	 1786
 3935	 1780
 3935	 1780
 3935	 1780
 3935	 1780
 3935	 1780
 3935	 1780
 3940	 1775
 3940	 1775
 3940	 1775
 3940	 1775
 3940	 1775
 3940	 1770
 3940	 1770
 3940	 1765
 3940	 1765
 3940	 1765
 3945	 1765
 3945	 1765
 3945	 1760
 3945	 1760
 3951	 1760
 3951	 1760
 3951	 1760
 3951	 1755
 3951	 1755
 3951	 1755
 3951	 1749
 3951	 1749
 3951	 1749
 3951	 1749
 3956	 1749
 3956	 1744
 3956	 1744
 3956	 1744
 3956	 1744
 3956	 1744
 3956	 1739
 3956	 1739
 3956	 1739
 3956	 1734
 3961	 1734
 3961	 1734
 3961	 1734
 3961	 1734
 3961	 1729
 3966	 1729
 3966	 1729
 3966	 1729
 3966	 1724
 3966	 1724
 3966	 1724
 3966	 1719
 3966	 1719
 3966	 1719
 3966	 1719
 3966	 1719
 3971	 1713
 3971	 1713
 3971	 1713
 3971	 1713
 3971	 1713
 3971	 1708
 3971	 1708
 3971	 1703
 3971	 1703
 3971	 1703
 3971	 1703
 3976	 1703
 3976	 1698
 3976	 1698
 3976	 1698
 3976	 1698
 3976	 1698
 3982	 1693
 3982	 1693
 3982	 1688
 3982	 1688
 3982	 1688
 3982	 1688
 3982	 1688
 3982	 1682
 3982	 1682
 3982	 1682
 3982	 1682
 3987	 1682
 3987	 1677
 3987	 1677
 3987	 1672
 3987	 1672
 3987	 1672
 3987	 1672
 3987	 1672
 3987	 1667
 3987	 1667
 3987	 1667
 3987	 1667
 3987	 1667
 3992	 1662
 3992	 1662
 3992	 1657
 3992	 1657
 3992	 1657
 3992	 1657
 3997	 1657
 3997	 1651
 3997	 1651
 3997	 1651
 3997	 1651
 3997	 1651
 3997	 1646
 3997	 1646
 3997	 1646
 3997	 1646
 3997	 1646
 3997	 1641
 3997	 1641
 3997	 1636
 4002	 1636
 4002	 1636
 4002	 1636
 4002	 1636
 4002	 1631
 4002	 1631
 4002	 1631
 4002	 1631
 4002	 1626
 4002	 1626
 4002	 1626
 4002	 1621
 4002	 1621
 4002	 1621
 4002	 1621
 4007	 1615
 4007	 1615
 4007	 1615
 4007	 1615
 4007	 1615
 4007	 1610
 4007	 1610
 4007	 1605
 4012	 1605
 4012	 1605
 4012	 1605
 4012	 1605
 4012	 1600
 4012	 1600
 4012	 1600
 4012	 1600
 4012	 1600
 4012	 1595
 4012	 1595
 4012	 1590
 4012	 1590
 4012	 1590
 4012	 1590
 4012	 1590
 4012	 1584
 4018	 1584
 4018	 1584
 4018	 1584
 4018	 1579
 4018	 1579
 4018	 1579
 4018	 1574
 4018	 1574
 4018	 1574
 4018	 1574
 4018	 1569
 4018	 1569
 4018	 1569
 4018	 1569
 4018	 1569
 4018	 1564
 4018	 1564
 4018	 1559
 4018	 1559
 4023	 1559
 4023	 1559
 4023	 1559
 4023	 1554
 4023	 1554
 4023	 1554
 4023	 1554
 4023	 1548
 4023	 1548
 4023	 1548
 4023	 1543
 4028	 1543
 4028	 1543
 4028	 1543
 4028	 1538
 4028	 1538
 4028	 1538
 4028	 1538
 4028	 1538
 4028	 1533
 4028	 1533
 4028	 1528
 4028	 1528
 4028	 1528
 4028	 1528
 4028	 1528
 4028	 1523
 4028	 1523
 4028	 1523
 4028	 1523
 4028	 1517
 4028	 1517
 4028	 1512
 4028	 1512
 4028	 1512
 4028	 1512
 4028	 1512
 4033	 1507
 4033	 1507
 4033	 1507
 4033	 1507
 4033	 1502
 4033	 1502
 4033	 1502
 4033	 1497
 4033	 1497
 4033	 1497
 4033	 1497
 4033	 1492
 4033	 1492
 4033	 1492
 4033	 1492
 4033	 1492
 4033	 1486
 4033	 1486
 4033	 1481
 4033	 1481
 4033	 1481
 4033	 1481
 4033	 1476
 4033	 1476
 4033	 1476
 4033	 1476
 4033	 1476
 4033	 1471
 4033	 1471
 4033	 1466
 4033	 1466
 4033	 1466
 4033	 1466
 4033	 1466
 4033	 1461
 4033	 1461
 4033	 1461
 4038	 1461
 4038	 1456
 4038	 1456
 4038	 1450
 4038	 1450
 4038	 1450
 4038	 1450
 4038	 1450
 4038	 1445
 4038	 1445
 4038	 1445
 4038	 1445
 4038	 1440
 4038	 1440
 4038	 1440
 4038	 1435
 4038	 1435
 4038	 1435
 4038	 1435
 4038	 1430
 4038	 1430
 4038	 1430
 4038	 1430
 4038	 1430
 4038	 1425
 4038	 1425
 4038	 1419
 4038	 1419
 4038	 1419
 4038	 1419
 4038	 1414
 4038	 1414
 4038	 1414
 4038	 1414
 4038	 1414
 4038	 1409
 4038	 1409
 4038	 1404
 4038	 1404
 4038	 1404
 4038	 1404
 4038	 1404
 4038	 1399
 4038	 1399
 4038	 1399
 4038	 1399
 4038	 1394
 4038	 1394
 4038	 1389
 4038	 1389
