 248	  86
 248	  86
 248	  86
 248	  86
 248	  86
 248	  86
 248	  86
 248	  86
 248	  86
 248	  86
 248	  86
 248	  86
 248	  86
 248	  86
 248	  85
 248	  85
 248	  85
 248	  85
 248	  85
 248	  85
 248	  85
 248	  85
 248	  85
 248	  85
 248	  85
 248	  84
 248	  84
 248	  84
 248	  84
 248	  84
 248	  84
 248	  84
 248	  84
 248	  84
 248	  84
 248	  84
 248	  84
 248	  84
 248	  84
 248	  83
 248	  83
 248	  83
 248	  83
 248	  83
 248	  83
 248	  83
 248	  83
 248	  83
 248	  83
 248	  83
 248	  82
 248	  82
 248	  82
 248	  82
 248	  82
 248	  82
 248	  82
 248	  82
 248	  82
 248	  82
 248	  82
 248	  82
 248	  82
 248	  81
 248	  81
 248	  81
 248	  81
 248	  81
 248	  81
 248	  81
 248	  81
 248	  81
 248	  81
 248	  81
 248	  81
 248	  81
 248	  81
 248	  81
 248	  81
 248	  80
 248	  80
 248	  80
 248	  80
 248	  80
 248	  80
 248	  80
 248	  80
 248	  80
 247	  80
 247	  80
 247	  79
 247	  79
 247	  79
 247	  79
 247	  79
 247	  79
 247	  79
 247	  79
 247	  79
 247	  79
 247	  79
 247	  79
 247	  79
 247	  79
 247	  78
 247	  78
 247	  78
 247	  78
 247	  78
 247	  78
 247	  78
 247	  78
 247	  78
 247	  78
 247	  78
 247	  77
 247	  77
 247	  77
 247	  77
 247	  77
 247	  77
 247	  77
 247	  77
 247	  77
 247	  77
 247	  77
 247	  77
 247	  77
 247	  77
 247	  76
 247	  76
 247	  76
 247	  76
 247	  76
 247	  76
 247	  76
 247	  76
 247	  76
 247	  76
 247	  76
 247	  76
 247	  75
 247	  75
 247	  75
 247	  75
 247	  75
 247	  75
 247	  75
 247	  75
 247	  75
 247	  75
 247	  75
 247	  75
 246	  75
 246	  75
 246	  74
 246	  74
 246	  74
 246	  74
 246	  74
 246	  74
 246	  74
 246	  74
 246	  74
 246	  74
 246	  74
 246	  73
 246	  73
 246	  73
 246	  73
 246	  73
 246	  73
 246	  73
 246	  73
 246	  73
 246	  73
 246	  73
 246	  73
 246	  73
 246	  73
 246	  72
 246	  72
 246	  72
 246	  72
 246	  72
 246	  72
 246	  72
 246	  72
 246	  72
 246	  72
 246	  72
 245	  72
 245	  71
 245	  71
 245	  71
 245	  71
 245	  71
 245	  71
 245	  71
 245	  71
 245	  71
 245	  71
 245	  71
 245	  71
 245	  71
 245	  71
 245	  71
 245	  71
 245	  71
 245	  70
 245	  70
 245	  70
 245	  70
 245	  70
 245	  70
 245	  70
 245	  70
 245	  70
 245	  70
 245	  70
 245	  70
 245	  70
 245	  70
 245	  69
 245	  69
 245	  69
 245	  69
 245	  69
 245	  69
 245	  69
 245	  69
 245	  69
 245	  69
 245	  69
 244	  69
 244	  68
 244	  68
 244	  68
 244	  68
 244	  68
 244	  68
 244	  68
 244	  68
 244	  68
 244	  68
 244	  68
 244	  68
 244	  68
 244	  68
 244	  68
 244	  67
 244	  67
 244	  67
 244	  67
 244	  67
 244	  67
 244	  67
 244	  67
 244	  67
 244	  67
 244	  67
 244	  67
 244	  66
 244	  66
 244	  66
 244	  66
 243	  66
 243	  66
 243	  66
 243	  66
 243	  66
 243	  66
 243	  66
 243	  66
 243	  66
 243	  66
 243	  66
 243	  66
 243	  65
 243	  65
 243	  65
 243	  65
 243	  65
 243	  65
 243	  65
 243	  65
 243	  65
 243	  65
 243	  65
 243	  65
 242	  64
 242	  64
 242	  64
 242	  64
 242	  64
 242	  64
 242	  64
 242	  64
 242	  64
 242	  64
 242	  64
 242	  64
 242	  64
 242	  63
 242	  63
 242	  63
 242	  63
 242	  63
 242	  63
 242	  63
 242	  63
 242	  63
 242	  63
 242	  63
 242	  63
 242	  63
 242	  63
 241	  63
 241	  63
 241	  62
 241	  62
 241	  62
 241	  62
 241	  62
 241	  62
 241	  62
 241	  62
 241	  62
 241	  62
 241	  62
 241	  62
 241	  62
 241	  61
 241	  61
 241	  61
 241	  61
 241	  61
 240	  61
 240	  61
 240	  61
 240	  61
 240	  61
 240	  61
 240	  61
 240	  61
 240	  61
 240	  61
 240	  61
 240	  61
 240	  61
 240	  61
 240	  61
 240	  61
 240	  61
 240	  60
 240	  60
 240	  60
 240	  60
 240	  60
 240	  60
 240	  60
 239	  60
 239	  60
 239	  60
 239	  60
 239	  60
 239	  60
 239	  60
 239	  59
 239	  59
 239	  59
 239	  59
 239	  59
 239	  59
 239	  59
 239	  59
 239	  59
 239	  59
 239	  59
 239	  59
 238	  59
 238	  59
 238	  58
 238	  58
 238	  58
 238	  58
 238	  58
 238	  58
 238	  58
 238	  58
 238	  58
 238	  58
 238	  58
 238	  58
 238	  58
 238	  58
 238	  58
 237	  58
 237	  58
 237	  57
 237	  57
 237	  57
 237	  57
 237	  57
 237	  57
 237	  57
 237	  57
 237	  57
 237	  57
 237	  57
 237	  57
 237	  57
 237	  57
 237	  57
 237	  56
 237	  56
 237	  56
 237	  56
 236	  56
 236	  56
 236	  56
 236	  56
 236	  56
 236	  56
 236	  56
 236	  56
 236	  56
 236	  56
 236	  56
 236	  56
 236	  56
 236	  56
 236	  55
 236	  55
 236	  55
 235	  55
 235	  55
 235	  55
 235	  55
 235	  55
 235	  55
 235	  55
 235	  55
 235	  55
 235	  55
 235	  55
 235	  55
 235	  54
 235	  54
 235	  54
 235	  54
 235	  54
 235	  54
 235	  54
 235	  54
 235	  54
 235	  54
 235	  54
 235	  54
 235	  54
 234	  54
 234	  54
 234	  54
 234	  54
 234	  54
 234	  54
 234	  53
 234	  53
 234	  53
 234	  53
 234	  53
 234	  53
 234	  53
 234	  53
 234	  53
 233	  53
 233	  53
 233	  53
 233	  53
 233	  53
 233	  53
 233	  53
 233	  53
 233	  52
 233	  52
 233	  52
 233	  52
 233	  52
 233	  52
 233	  52
 232	  52
 232	  52
 232	  52
 232	  52
 232	  52
 232	  52
 232	  52
 232	  52
 232	  52
 232	  52
 232	  52
 232	  52
 232	  52
 232	  52
 232	  52
 232	  52
 232	  52
 232	  51
 231	  51
 231	  51
 231	  51
 231	  51
 231	  51
 231	  51
 231	  51
 231	  51
 231	  51
 231	  51
 231	  51
 231	  51
 231	  51
 231	  51
 230	  51
 230	  51
 230	  51
 230	  51
 230	  51
 230	  51
 230	  51
 230	  50
 230	  50
 230	  50
 230	  50
 230	  50
 230	  50
 230	  50
 230	  50
 230	  50
 230	  50
 229	  50
 229	  50
 229	  50
 229	  50
 229	  50
 229	  50
 229	  50
 229	  50
 229	  50
 229	  49
 229	  49
 229	  49
 229	  49
 229	  49
 228	  49
 228	  49
 228	  49
 228	  49
 228	  49
 228	  49
 228	  49
 228	  49
 228	  49
 228	  49
 228	  49
 228	  49
 228	  49
 228	  49
 228	  49
 228	  49
 227	  49
 227	  49
 227	  49
 227	  48
 227	  48
 227	  48
 227	  48
 227	  48
 227	  48
 227	  48
 227	  48
 227	  48
 227	  48
 226	  48
 226	  48
 226	  48
 226	  48
 226	  48
 226	  48
 226	  48
 226	  48
 226	  48
 226	  48
 226	  48
 226	  47
 226	  47
 226	  47
 226	  47
 226	  47
 225	  47
 225	  47
 225	  47
 225	  47
 225	  47
 225	  47
 225	  47
 225	  47
 225	  47
 225	  47
 225	  47
 225	  47
 225	  47
 225	  47
 225	  47
 225	  47
 225	  47
 225	  47
 224	  47
 224	  47
 224	  47
 224	  47
 224	  46
 224	  46
 224	  46
 224	  46
 224	  46
 224	  46
 224	  46
 224	  46
 224	  46
 223	  46
 223	  46
 223	  46
 223	  46
 223	  46
 223	  46
 223	  46
 223	  46
 223	  46
 223	  46
 223	  46
 223	  46
 223	  46
 223	  46
 223	  46
 222	  46
 222	  45
 222	  45
 222	  45
 222	  45
 222	  45
 222	  45
 222	  45
 222	  45
 222	  45
 222	  45
 222	  45
 221	  45
 221	  45
 221	  45
 221	  45
 221	  45
 221	  45
 221	  45
 221	  45
 221	  45
 221	  45
 221	  45
 221	  45
 221	  45
 221	  45
 221	  45
 220	  45
 220	  45
 220	  45
 220	  45
 220	  45
 220	  45
 220	  45
 220	  44
 220	  44
 220	  44
 220	  44
 220	  44
 219	  44
 219	  44
 219	  44
 219	  44
 219	  44
 219	  44
 219	  44
 219	  44
 219	  44
 219	  44
 219	  44
 219	  44
 219	  44
 219	  44
 218	  44
 218	  44
 218	  44
 218	  44
 218	  44
 218	  44
 218	  44
 218	  44
 218	  44
 218	  44
 218	  44
 218	  44
 217	  44
 217	  43
 217	  43
 217	  43
 217	  43
 217	  43
 217	  43
 217	  43
 217	  43
 217	  43
 217	  43
 217	  43
 216	  43
 216	  43
 216	  43
 216	  43
 216	  43
 216	  43
 216	  43
 216	  43
 216	  43
 216	  43
 216	  43
 216	  43
 216	  43
 216	  43
 216	  43
 216	  43
 216	  43
 216	  43
 215	  43
 215	  43
 215	  43
 215	  43
 215	  43
 215	  43
 215	  43
 215	  43
 215	  43
 215	  42
 215	  42
 215	  42
 214	  42
 214	  42
 214	  42
 214	  42
 214	  42
 214	  42
 214	  42
 214	  42
 214	  42
 214	  42
 214	  42
 214	  42
 214	  42
 214	  42
 213	  42
 213	  42
 213	  42
 213	  42
 213	  42
 213	  42
 213	  42
 213	  42
 213	  42
 213	  42
 213	  42
 212	  42
 212	  42
 212	  42
 212	  42
 212	  42
 212	  42
 212	  42
 212	  42
 212	  42
 212	  42
 212	  42
 212	  42
 211	  42
 211	  42
 211	  42
 211	  42
 211	  42
 211	  42
 211	  42
 211	  42
 211	  42
 211	  42
 211	  42
 211	  42
 211	  42
 211	  42
 210	  42
 210	  42
 210	  42
 210	  42
 210	  42
 210	  42
 210	  42
 210	  42
 210	  42
 210	  42
 210	  42
 209	  42
 209	  42
 209	  42
 209	  42
 209	  42
 209	  42
 209	  42
 209	  42
 209	  42
 209	  42
 209	  42
 209	  42
 209	  42
 208	  42
 208	  42
 208	  42
 208	  42
 208	  42
 208	  42
 208	  42
 208	  42
 208	  42
 208	  42
 208	  42
 208	  42
 207	  42
 207	  42
 207	  42
 207	  42
 207	  42
 207	  42
 207	  42
 207	  42
 207	  42
 207	  42
 207	  42
 207	  42
 207	  41
 206	  41
 206	  41
 206	  41
 206	  41
 206	  41
 206	  41
 206	  41
 206	  41
 206	  41
 206	  41
 206	  41
 206	  41
 206	  41
 206	  41
 206	  41
 206	  41
 205	  41
 205	  41
 205	  41
 205	  41
 205	  41
 205	  41
 205	  41
 205	  41
 205	  41
 205	  41
 205	  41
 204	  41
 204	  41
 204	  41
 204	  41
 204	  41
 204	  41
 204	  41
 204	  41
 204	  41
 204	  41
 204	  41
 204	  41
 204	  41
 204	  41
 203	  41
 203	  41
 203	  41
 203	  41
 203	  41
 203	  41
 203	  41
 203	  41
 203	  41
 203	  41
 203	  41
 203	  41
 203	  41
 202	  41
 202	  41
 202	  41
 202	  41
 202	  41
 202	  41
 202	  41
 202	  41
 202	  41
 202	  41
 202	  41
 202	  41
 202	  41
 201	  41
 201	  41
 201	  41
 201	  41
 201	  41
 201	  41
 201	  41
 201	  41
 201	  41
 201	  41
 201	  41
 201	  41
 200	  41
 200	  41
 200	  41
 200	  41
 200	  41
 200	  41
 200	  41
 200	  41
 200	  41
 200	  41
 200	  41
 200	  41
 200	  41
 199	  41
 199	  41
 199	  41
 199	  41
 199	  41
 199	  41
 199	  41
 199	  41
 199	  42
 199	  42
 199	  42
 198	  42
 198	  42
 198	  42
 198	  42
 198	  42
 198	  42
 198	  42
 198	  42
 198	  42
 198	  42
 198	  42
 198	  42
 198	  42
 198	  42
 197	  42
 197	  42
 197	  42
 197	  42
 197	  42
 197	  42
 197	  42
 197	  42
 197	  42
 197	  42
 197	  42
 196	  42
 196	  42
 196	  42
 196	  42
 196	  42
 196	  42
 196	  42
 196	  42
 196	  42
 196	  42
 196	  42
 196	  42
 196	  42
 196	  42
 196	  42
 196	  42
 195	  42
 195	  42
 195	  42
 195	  42
 195	  42
 195	  42
 195	  42
 195	  42
 195	  42
 195	  42
 195	  42
 195	  42
 195	  42
 195	  42
 194	  42
 194	  42
 194	  42
 194	  42
 194	  42
 194	  42
 194	  42
 194	  42
 194	  42
 194	  42
 194	  42
 193	  42
 193	  42
 193	  42
 193	  42
 193	  42
 193	  42
 193	  42
 193	  42
 193	  42
 193	  42
 193	  42
 193	  42
 193	  42
 193	  42
 192	  42
 192	  42
 192	  42
 192	  42
 192	  42
 192	  42
 192	  42
 192	  42
 192	  42
 192	  42
 192	  42
 191	  42
 191	  42
 191	  42
 191	  42
 191	  42
 191	  42
 191	  42
 191	  42
 191	  43
 191	  43
 191	  43
 191	  43
 190	  43
 190	  43
 190	  43
 190	  43
 190	  43
 190	  43
 190	  43
 190	  43
 190	  43
 190	  43
 190	  43
 190	  43
 190	  43
 190	  43
 189	  43
 189	  43
 189	  43
 189	  43
 189	  43
 189	  43
 189	  43
 189	  43
 189	  43
 189	  43
 189	  43
 189	  43
 188	  43
 188	  43
 188	  43
 188	  43
 188	  43
 188	  43
 188	  43
 188	  43
 188	  44
 188	  44
 188	  44
 188	  44
 188	  44
 188	  44
 187	  44
 187	  44
 187	  44
 187	  44
 187	  44
 187	  44
 187	  44
 187	  44
 187	  44
 187	  44
 187	  44
 187	  44
 187	  44
 187	  44
 187	  44
 187	  44
 187	  44
 186	  44
 186	  44
 186	  44
 186	  44
 186	  44
 186	  44
 186	  44
 186	  44
 186	  44
 186	  45
 186	  45
 186	  45
 186	  45
 186	  45
 185	  45
 185	  45
 185	  45
 185	  45
 185	  45
 185	  45
 185	  45
 185	  45
 185	  45
 185	  45
 185	  45
 185	  45
 184	  45
 184	  45
 184	  45
 184	  45
 184	  45
 184	  45
 184	  45
 184	  45
 184	  45
 184	  45
 184	  45
 184	  45
 184	  45
 183	  45
 183	  45
 183	  45
 183	  46
 183	  46
 183	  46
 183	  46
 183	  46
 183	  46
 183	  46
 183	  46
 183	  46
 183	  46
 183	  46
 182	  46
 182	  46
 182	  46
 182	  46
 182	  46
 182	  46
 182	  46
 182	  46
 182	  46
 182	  46
 182	  46
 182	  46
 182	  46
 181	  46
 181	  47
 181	  47
 181	  47
 181	  47
 181	  47
 181	  47
 181	  47
 181	  47
 181	  47
 181	  47
 181	  47
 181	  47
 181	  47
 181	  47
 180	  47
 180	  47
 180	  47
 180	  47
 180	  47
 180	  47
 180	  47
 180	  47
 180	  47
 180	  47
 180	  47
 180	  47
 180	  47
 179	  48
 179	  48
 179	  48
 179	  48
 179	  48
 179	  48
 179	  48
 179	  48
 179	  48
 179	  48
 179	  48
 179	  48
 179	  48
 179	  48
 179	  48
 179	  48
 178	  48
 178	  48
 178	  48
 178	  48
 178	  48
 178	  49
 178	  49
 178	  49
 178	  49
 178	  49
 178	  49
 178	  49
 178	  49
 177	  49
 177	  49
 177	  49
 177	  49
 177	  49
 177	  49
 177	  49
 177	  49
 177	  49
 177	  49
 177	  49
 177	  49
 177	  49
 177	  49
 177	  49
 177	  49
 177	  50
 177	  50
 177	  50
 176	  50
 176	  50
 176	  50
 176	  50
 176	  50
 176	  50
 176	  50
 176	  50
 176	  50
 176	  50
 176	  50
 176	  50
 176	  50
 176	  50
 176	  50
 176	  50
 176	  51
 175	  51
 175	  51
 175	  51
 175	  51
 175	  51
 175	  51
 175	  51
 175	  51
 175	  51
 175	  51
 175	  51
 175	  51
 175	  51
 175	  51
 174	  51
 174	  51
 174	  51
 174	  51
 174	  51
 174	  51
 174	  51
 174	  52
 174	  52
 174	  52
 174	  52
 174	  52
 174	  52
 174	  52
 174	  52
 174	  52
 174	  52
 174	  52
 173	  52
 173	  52
 173	  52
 173	  52
 173	  52
 173	  52
 173	  52
 173	  52
 173	  52
 173	  52
 173	  52
 173	  52
 173	  52
 173	  53
 173	  53
 172	  53
 172	  53
 172	  53
 172	  53
 172	  53
 172	  53
 172	  53
 172	  53
 172	  53
 172	  53
 172	  53
 172	  53
 172	  53
 172	  53
 172	  53
 172	  54
 172	  54
 172	  54
 171	  54
 171	  54
 171	  54
 171	  54
 171	  54
 171	  54
 171	  54
 171	  54
 171	  54
 171	  54
 171	  54
 171	  54
 171	  54
 171	  54
 171	  54
 171	  54
 170	  55
 170	  55
 170	  55
 170	  55
 170	  55
 170	  55
 170	  55
 170	  55
 170	  55
 170	  55
 170	  55
 170	  55
 170	  55
 170	  55
 170	  55
 170	  56
 170	  56
 170	  56
 170	  56
 169	  56
 169	  56
 169	  56
 169	  56
 169	  56
 169	  56
 169	  56
 169	  56
 169	  56
 169	  56
 169	  56
 169	  56
 169	  56
 169	  56
 169	  57
 169	  57
 169	  57
 168	  57
 168	  57
 168	  57
 168	  57
 168	  57
 168	  57
 168	  57
 168	  57
 168	  57
 168	  57
 168	  57
 168	  57
 168	  58
 168	  58
 168	  58
 168	  58
 168	  58
 167	  58
 167	  58
 167	  58
 167	  58
 167	  58
 167	  58
 167	  58
 167	  58
 167	  58
 167	  58
 167	  58
 167	  58
 167	  59
 167	  59
 167	  59
 167	  59
 167	  59
 167	  59
 167	  59
 167	  59
 167	  59
 167	  59
 167	  59
 167	  59
 167	  59
 167	  59
 167	  60
 167	  60
 167	  60
 166	  60
 166	  60
 166	  60
 166	  60
 166	  60
 166	  60
 166	  60
 166	  60
 166	  60
 166	  60
 166	  60
 166	  61
 166	  61
 166	  61
 166	  61
 166	  61
 166	  61
 166	  61
 166	  61
 166	  61
 165	  61
 165	  61
 165	  61
 165	  61
 165	  61
 165	  61
 165	  61
 165	  61
 165	  61
 165	  61
 165	  61
 165	  61
 165	  61
 165	  62
 165	  62
 165	  62
 165	  62
 165	  62
 165	  62
 165	  62
 165	  62
 165	  62
 165	  62
 165	  62
 164	  62
 164	  62
 164	  63
 164	  63
 164	  63
 164	  63
 164	  63
 164	  63
 164	  63
 164	  63
 164	  63
 164	  63
 164	  63
 164	  63
 164	  63
 164	  63
 164	  63
 164	  63
 164	  64
 164	  64
 164	  64
 164	  64
 163	  64
 163	  64
 163	  64
 163	  64
 163	  64
 163	  64
 163	  64
 163	  64
 163	  64
 163	  65
 163	  65
 163	  65
 163	  65
 163	  65
 163	  65
 163	  65
 163	  65
 163	  65
 163	  65
 163	  65
 163	  65
 163	  66
 163	  66
 162	  66
 162	  66
 162	  66
 162	  66
 162	  66
 162	  66
 162	  66
 162	  66
 162	  66
 162	  66
 162	  66
 162	  66
 162	  66
 162	  66
 162	  67
 162	  67
 162	  67
 162	  67
 162	  67
 162	  67
 162	  67
 162	  67
 162	  67
 162	  67
 162	  67
 162	  67
 162	  68
 162	  68
 162	  68
 162	  68
 162	  68
 161	  68
 161	  68
 161	  68
 161	  68
 161	  68
 161	  68
 161	  68
 161	  68
 161	  68
 161	  68
 161	  69
 161	  69
 161	  69
 161	  69
 161	  69
 161	  69
 161	  69
 161	  69
 161	  69
 161	  69
 161	  69
 161	  69
 161	  70
 161	  70
 161	  70
 161	  70
 161	  70
 161	  70
 160	  70
 160	  70
 160	  70
 160	  70
 160	  70
 160	  70
 160	  70
 160	  70
 160	  71
 160	  71
 160	  71
 160	  71
 160	  71
 160	  71
 160	  71
 160	  71
 160	  71
 160	  71
 160	  71
 160	  71
 160	  71
 160	  71
 160	  71
 160	  71
 160	  71
 160	  72
 160	  72
 160	  72
 160	  72
 160	  72
 160	  72
 160	  72
 160	  72
 160	  72
 160	  72
 160	  72
 160	  72
 160	  73
 160	  73
 160	  73
 159	  73
 159	  73
 159	  73
 159	  73
 159	  73
 159	  73
 159	  73
 159	  73
 159	  73
 159	  73
 159	  73
 159	  74
 159	  74
 159	  74
 159	  74
 159	  74
 159	  74
 159	  74
 159	  74
 159	  74
 159	  74
 159	  74
 159	  75
 159	  75
 159	  75
 159	  75
 159	  75
 159	  75
 159	  75
 159	  75
 159	  75
 159	  75
 159	  75
 159	  75
 159	  75
 159	  75
 159	  76
 159	  76
 159	  76
 159	  76
 159	  76
 159	  76
 158	  76
 158	  76
 158	  76
 158	  76
 158	  76
 158	  76
 158	  77
 158	  77
 158	  77
 158	  77
 158	  77
 158	  77
 158	  77
 158	  77
 158	  77
 158	  77
 158	  77
 158	  77
 158	  77
 158	  77
 158	  78
 158	  78
 158	  78
 158	  78
 158	  78
 158	  78
 158	  78
 158	  78
 158	  78
 158	  78
 158	  78
 158	  79
 158	  79
 158	  79
 158	  79
 158	  79
 158	  79
 158	  79
 158	  79
 158	  79
 158	  79
 158	  79
 158	  79
 158	  79
 158	  79
 158	  80
 158	  80
 158	  80
 158	  80
 158	  80
 158	  80
 158	  80
 158	  80
 158	  80
 158	  80
 158	  80
 158	  81
 158	  81
 158	  81
 158	  81
 158	  81
 158	  81
 158	  81
 158	  81
 158	  81
 158	  81
 158	  81
 158	  81
 158	  81
 158	  81
 158	  81
 158	  81
 158	  82
 158	  82
 158	  82
 158	  82
 158	  82
 158	  82
 158	  82
 158	  82
 158	  82
 158	  82
 158	  82
 158	  82
 157	  82
 157	  83
 157	  83
 157	  83
 157	  83
 157	  83
 157	  83
 157	  83
 157	  83
 157	  83
 157	  83
 157	  83
 157	  84
 157	  84
 157	  84
 157	  84
 157	  84
 157	  84
 157	  84
 157	  84
 157	  84
 157	  84
 157	  84
 157	  84
 157	  84
 157	  84
 157	  85
 157	  85
 157	  85
 157	  85
 157	  85
 157	  85
 157	  85
 157	  85
 157	  85
 157	  85
 157	  85
 157	  86
 157	  86
 157	  86
 157	  86
 157	  86
 157	  86
 157	  86
 157	  86
 157	  86
 157	  86
 157	  86
 157	  86
 157	  86
 157	  86
 157	  86
 157	  86
 157	  87
 157	  87
 157	  87
 157	  87
 157	  87
 157	  87
 157	  87
 157	  87
 157	  87
 157	  87
 157	  87
 157	  88
 157	  88
 157	  88
 157	  88
 157	  88
 157	  88
 157	  88
 157	  88
 157	  88
 157	  88
 157	  88
 157	  89
 157	  89
 157	  89
 157	  89
 157	  89
 157	  89
 157	  89
 157	  89
 157	  89
 157	  89
 157	  89
 157	  89
 157	  89
 157	  89
 157	  90
 157	  90
 157	  90
 157	  90
 157	  90
 157	  90
 157	  90
 157	  90
 157	  90
 157	  90
 157	  90
 157	  91
 158	  91
 158	  91
 158	  91
 158	  91
 158	  91
 158	  91
 158	  91
 158	  91
 158	  91
 158	  91
 158	  91
 158	  91
 158	  91
 158	  91
 158	  91
 158	  91
 158	  91
 158	  92
 158	  92
 158	  92
 158	  92
 158	  92
 158	  92
 158	  92
 158	  92
 158	  92
 158	  92
 158	  92
 158	  93
 158	  93
 158	  93
 158	  93
 158	  93
 158	  93
 158	  93
 158	  93
 158	  93
 158	  93
 158	  93
 158	  94
 158	  94
 158	  94
 158	  94
 158	  94
 158	  94
 158	  94
 158	  94
 158	  94
 158	  94
 158	  94
 158	  94
 158	  94
 158	  94
 158	  95
 158	  95
 158	  95
 158	  95
 158	  95
 158	  95
 158	  95
 158	  95
 158	  95
 158	  95
 158	  95
 158	  96
 158	  96
 158	  96
 158	  96
 158	  96
 158	  96
 158	  96
 158	  96
 158	  96
 158	  96
 158	  96
 158	  96
 158	  96
 158	  96
 158	  97
 158	  97
 158	  97
 158	  97
 158	  97
 158	  97
 159	  97
 159	  97
 159	  97
 159	  97
 159	  97
 159	  97
 159	  98
 159	  98
 159	  98
 159	  98
 159	  98
 159	  98
 159	  98
 159	  98
 159	  98
 159	  98
 159	  98
 159	  98
 159	  98
 159	  98
 159	  99
 159	  99
 159	  99
 159	  99
 159	  99
 159	  99
 159	  99
 159	  99
 159	  99
 159	  99
 159	  99
 159	 100
 159	 100
 159	 100
 159	 100
 159	 100
 159	 100
 159	 100
 159	 100
 159	 100
 159	 100
 159	 100
 160	 100
 160	 100
 160	 100
 160	 100
 160	 100
 160	 100
 160	 101
 160	 101
 160	 101
 160	 101
 160	 101
 160	 101
 160	 101
 160	 101
 160	 101
 160	 101
 160	 101
 160	 101
 160	 101
 160	 101
 160	 102
 160	 102
 160	 102
 160	 102
 160	 102
 160	 102
 160	 102
 160	 102
 160	 102
 160	 102
 160	 102
 160	 102
 160	 103
 160	 103
 160	 103
 160	 103
 160	 103
 160	 103
 160	 103
 160	 103
 161	 103
 161	 103
 161	 103
 161	 103
 161	 103
 161	 103
 161	 104
 161	 104
 161	 104
 161	 104
 161	 104
 161	 104
 161	 104
 161	 104
 161	 104
 161	 104
 161	 104
 161	 104
 161	 105
 161	 105
 161	 105
 161	 105
 161	 105
 161	 105
 161	 105
 161	 105
 161	 105
 161	 105
 162	 105
 162	 105
 162	 105
 162	 105
 162	 105
 162	 106
 162	 106
 162	 106
 162	 106
 162	 106
 162	 106
 162	 106
 162	 106
 162	 106
 162	 106
 162	 106
 162	 106
 162	 107
 162	 107
 162	 107
 162	 107
 162	 107
 162	 107
 162	 107
 162	 107
 162	 107
 162	 107
 162	 107
 162	 107
 162	 107
 162	 107
 163	 107
 163	 107
 163	 108
 163	 108
 163	 108
 163	 108
 163	 108
 163	 108
 163	 108
 163	 108
 163	 108
 163	 108
 163	 108
 163	 108
 163	 109
 163	 109
 163	 109
 163	 109
 163	 109
 163	 109
 163	 109
 163	 109
 163	 109
 164	 109
 164	 109
 164	 109
 164	 109
 164	 110
 164	 110
 164	 110
 164	 110
 164	 110
 164	 110
 164	 110
 164	 110
 164	 110
 164	 110
 164	 110
 164	 110
 164	 110
 164	 110
 164	 110
 164	 110
 164	 110
 164	 110
 165	 110
 165	 110
 165	 110
 165	 111
 165	 111
 165	 111
 165	 111
 165	 111
 165	 111
 165	 111
 165	 111
 165	 111
 165	 111
 165	 111
 165	 111
 165	 111
 165	 112
 165	 112
 165	 112
 165	 112
 165	 112
 165	 112
 165	 112
 165	 112
 166	 112
 166	 112
 166	 112
 166	 112
 166	 112
 166	 112
 166	 112
 166	 112
 166	 112
 166	 113
 166	 113
 166	 113
 166	 113
 166	 113
 166	 113
 166	 113
 166	 113
 166	 113
 166	 113
 166	 113
 167	 113
 167	 113
 167	 113
 167	 114
 167	 114
 167	 114
 167	 114
 167	 114
 167	 114
 167	 114
 167	 114
 167	 114
 167	 114
 167	 114
 167	 114
 167	 114
 167	 114
 167	 115
 167	 115
 167	 115
 167	 115
 167	 115
 167	 115
 167	 115
 167	 115
 167	 115
 167	 115
 167	 115
 167	 115
 168	 115
 168	 115
 168	 115
 168	 115
 168	 115
 168	 116
 168	 116
 168	 116
 168	 116
 168	 116
 168	 116
 168	 116
 168	 116
 168	 116
 168	 116
 168	 116
 168	 116
 169	 116
 169	 116
 169	 116
 169	 117
 169	 117
 169	 117
 169	 117
 169	 117
 169	 117
 169	 117
 169	 117
 169	 117
 169	 117
 169	 117
 169	 117
 169	 117
 169	 117
 170	 117
 170	 117
 170	 117
 170	 117
 170	 118
 170	 118
 170	 118
 170	 118
 170	 118
 170	 118
 170	 118
 170	 118
 170	 118
 170	 118
 170	 118
 170	 118
 170	 118
 170	 118
 170	 118
 171	 119
 171	 119
 171	 119
 171	 119
 171	 119
 171	 119
 171	 119
 171	 119
 171	 119
 171	 119
 171	 119
 171	 119
 171	 119
 171	 119
 171	 119
 171	 119
 172	 119
 172	 119
 172	 119
 172	 120
 172	 120
 172	 120
 172	 120
 172	 120
 172	 120
 172	 120
 172	 120
 172	 120
 172	 120
 172	 120
 172	 120
 172	 120
 172	 120
 172	 120
 173	 120
 173	 120
 173	 120
 173	 120
 173	 120
 173	 120
 173	 120
 173	 120
 173	 120
 173	 121
 173	 121
 173	 121
 173	 121
 173	 121
 173	 121
 174	 121
 174	 121
 174	 121
 174	 121
 174	 121
 174	 121
 174	 121
 174	 121
 174	 121
 174	 121
 174	 121
 174	 122
 174	 122
 174	 122
 174	 122
 174	 122
 174	 122
 174	 122
 175	 122
 175	 122
 175	 122
 175	 122
 175	 122
 175	 122
 175	 122
 175	 122
 175	 122
 175	 122
 175	 122
 175	 122
 175	 122
 175	 122
 176	 122
 176	 123
 176	 123
 176	 123
 176	 123
 176	 123
 176	 123
 176	 123
 176	 123
 176	 123
 176	 123
 176	 123
 176	 123
 176	 123
 176	 123
 176	 123
 176	 123
 177	 123
 177	 123
 177	 123
 177	 124
 177	 124
 177	 124
 177	 124
 177	 124
 177	 124
 177	 124
 177	 124
 177	 124
 177	 124
 177	 124
 177	 124
 177	 124
 177	 124
 177	 124
 177	 124
 178	 124
 178	 124
 178	 124
 178	 124
 178	 124
 178	 124
 178	 124
 178	 124
 178	 125
 178	 125
 178	 125
 178	 125
 178	 125
 179	 125
 179	 125
 179	 125
 179	 125
 179	 125
 179	 125
 179	 125
 179	 125
 179	 125
 179	 125
 179	 125
 179	 125
 179	 125
 179	 125
 179	 125
 179	 125
 180	 126
 180	 126
 180	 126
 180	 126
 180	 126
 180	 126
 180	 126
 180	 126
 180	 126
 180	 126
 180	 126
 180	 126
 180	 126
 181	 126
 181	 126
 181	 126
 181	 126
 181	 126
 181	 126
 181	 126
 181	 126
 181	 126
 181	 126
 181	 126
 181	 126
 181	 126
 181	 126
 181	 127
 182	 127
 182	 127
 182	 127
 182	 127
 182	 127
 182	 127
 182	 127
 182	 127
 182	 127
 182	 127
 182	 127
 182	 127
 182	 127
 183	 127
 183	 127
 183	 127
 183	 127
 183	 127
 183	 127
 183	 127
 183	 127
 183	 127
 183	 127
 183	 127
 183	 128
 183	 128
 183	 128
 184	 128
 184	 128
 184	 128
 184	 128
 184	 128
 184	 128
 184	 128
 184	 128
 184	 128
 184	 128
 184	 128
 184	 128
 184	 128
 185	 128
 185	 128
 185	 128
 185	 128
 185	 128
 185	 128
 185	 128
 185	 128
 185	 128
 185	 128
 185	 128
 185	 128
 186	 128
 186	 128
 186	 128
 186	 128
 186	 128
 186	 129
 186	 129
 186	 129
 186	 129
 186	 129
 186	 129
 186	 129
 186	 129
 186	 129
 187	 129
 187	 129
 187	 129
 187	 129
 187	 129
 187	 129
 187	 129
 187	 129
 187	 129
 187	 129
 187	 129
 187	 129
 187	 129
 187	 129
 187	 129
 187	 129
 187	 129
 188	 129
 188	 129
 188	 129
 188	 129
 188	 129
 188	 129
 188	 129
 188	 129
 188	 129
 188	 129
 188	 129
 188	 129
 188	 129
 188	 129
 189	 129
 189	 129
 189	 129
 189	 129
 189	 129
 189	 129
 189	 130
 189	 130
 189	 130
 189	 130
 189	 130
 189	 130
 190	 130
 190	 130
 190	 130
 190	 130
 190	 130
 190	 130
 190	 130
 190	 130
 190	 130
 190	 130
 190	 130
 190	 130
 190	 130
 190	 130
 191	 130
 191	 130
 191	 130
 191	 130
 191	 130
 191	 130
 191	 130
 191	 130
 191	 130
 191	 130
 191	 130
 191	 130
 192	 130
 192	 130
 192	 130
 192	 130
 192	 130
 192	 130
 192	 130
 192	 130
 192	 130
 192	 130
 192	 131
 193	 131
 193	 131
 193	 131
 193	 131
 193	 131
 193	 131
 193	 131
 193	 131
 193	 131
 193	 131
 193	 131
 193	 131
 193	 131
 193	 131
 194	 131
 194	 131
 194	 131
 194	 131
 194	 131
 194	 131
 194	 131
 194	 131
 194	 131
 194	 131
 194	 131
 195	 131
 195	 131
 195	 131
 195	 131
 195	 131
 195	 131
 195	 131
 195	 131
 195	 131
 195	 131
 195	 131
 195	 131
 195	 131
 195	 131
 196	 131
 196	 131
 196	 131
 196	 131
 196	 131
 196	 131
 196	 131
 196	 131
 196	 131
 196	 131
 196	 131
 196	 131
 196	 131
 196	 131
 196	 131
 196	 131
 197	 131
 197	 131
 197	 131
 197	 131
 197	 131
 197	 131
 197	 131
 197	 131
 197	 131
 197	 131
 197	 131
 198	 131
 198	 131
 198	 131
 198	 131
 198	 131
 198	 131
 198	 131
 198	 131
 198	 131
 198	 131
 198	 131
 198	 131
 198	 131
 198	 131
 199	 131
 199	 131
 199	 131
 199	 132
 199	 132
 199	 132
 199	 132
 199	 132
 199	 132
 199	 132
 199	 132
 200	 132
 200	 132
 200	 132
 200	 132
 200	 132
 200	 132
 200	 132
 200	 132
 200	 132
 200	 132
 200	 132
 200	 132
 200	 132
 201	 132
 201	 132
 201	 132
 201	 132
 201	 132
 201	 132
 201	 132
 201	 132
 201	 132
 201	 132
 201	 132
 201	 132
 202	 132
 202	 132
 202	 132
 202	 132
 202	 132
 202	 132
 202	 132
 202	 132
 202	 132
 202	 132
 202	 132
 202	 132
 202	 132
 203	 132
 203	 132
 203	 132
 203	 132
 203	 132
 203	 132
 203	 132
 203	 132
 203	 132
 203	 132
 203	 132
 203	 132
 203	 132
 204	 132
 204	 132
 204	 132
 204	 132
 204	 132
 204	 132
 204	 132
 204	 132
 204	 132
 204	 132
 204	 132
 204	 132
 204	 132
 204	 132
 205	 132
 205	 132
 205	 132
 205	 132
 205	 132
 205	 132
 205	 132
 205	 132
 205	 132
 205	 132
 205	 132
 206	 132
 206	 132
 206	 132
 206	 132
 206	 132
 206	 132
 206	 132
 206	 132
 206	 132
 206	 132
 206	 132
 206	 132
 206	 132
 206	 132
 206	 132
 206	 132
 207	 132
 207	 131
 207	 131
 207	 131
 207	 131
 207	 131
 207	 131
 207	 131
 207	 131
 207	 131
 207	 131
 207	 131
 207	 131
 208	 131
 208	 131
 208	 131
 208	 131
 208	 131
 208	 131
 208	 131
 208	 131
 208	 131
 208	 131
 208	 131
 208	 131
 209	 131
 209	 131
 209	 131
 209	 131
 209	 131
 209	 131
 209	 131
 209	 131
 209	 131
 209	 131
 209	 131
 209	 131
 209	 131
 210	 131
 210	 131
 210	 131
 210	 131
 210	 131
 210	 131
 210	 131
 210	 131
 210	 131
 210	 131
 210	 131
 211	 131
 211	 131
 211	 131
 211	 131
 211	 131
 211	 131
 211	 131
 211	 131
 211	 131
 211	 131
 211	 131
 211	 131
 211	 131
 211	 131
 212	 131
 212	 131
 212	 131
 212	 131
 212	 131
 212	 131
 212	 131
 212	 131
 212	 131
 212	 131
 212	 131
 212	 131
 213	 131
 213	 131
 213	 131
 213	 131
 213	 131
 213	 131
 213	 131
 213	 131
 213	 131
 213	 131
 213	 130
 214	 130
 214	 130
 214	 130
 214	 130
 214	 130
 214	 130
 214	 130
 214	 130
 214	 130
 214	 130
 214	 130
 214	 130
 214	 130
 214	 130
 215	 130
 215	 130
 215	 130
 215	 130
 215	 130
 215	 130
 215	 130
 215	 130
 215	 130
 215	 130
 215	 130
 215	 130
 216	 130
 216	 130
 216	 130
 216	 130
 216	 130
 216	 130
 216	 130
 216	 130
 216	 130
 216	 130
 216	 130
 216	 130
 216	 130
 216	 130
 216	 130
 216	 129
 216	 129
 216	 129
 217	 129
 217	 129
 217	 129
 217	 129
 217	 129
 217	 129
 217	 129
 217	 129
 217	 129
 217	 129
 217	 129
 217	 129
 218	 129
 218	 129
 218	 129
 218	 129
 218	 129
 218	 129
 218	 129
 218	 129
 218	 129
 218	 129
 218	 129
 218	 129
 219	 129
 219	 129
 219	 129
 219	 129
 219	 129
 219	 129
 219	 129
 219	 129
 219	 129
 219	 129
 219	 129
 219	 129
 219	 129
 219	 129
 220	 129
 220	 129
 220	 129
 220	 129
 220	 129
 220	 128
 220	 128
 220	 128
 220	 128
 220	 128
 220	 128
 220	 128
 221	 128
 221	 128
 221	 128
 221	 128
 221	 128
 221	 128
 221	 128
 221	 128
 221	 128
 221	 128
 221	 128
 221	 128
 221	 128
 221	 128
 221	 128
 222	 128
 222	 128
 222	 128
 222	 128
 222	 128
 222	 128
 222	 128
 222	 128
 222	 128
 222	 128
 222	 128
 222	 127
 223	 127
 223	 127
 223	 127
 223	 127
 223	 127
 223	 127
 223	 127
 223	 127
 223	 127
 223	 127
 223	 127
 223	 127
 223	 127
 223	 127
 223	 127
 224	 127
 224	 127
 224	 127
 224	 127
 224	 127
 224	 127
 224	 127
 224	 127
 224	 127
 224	 126
 224	 126
 224	 126
 224	 126
 225	 126
 225	 126
 225	 126
 225	 126
 225	 126
 225	 126
 225	 126
 225	 126
 225	 126
 225	 126
 225	 126
 225	 126
 225	 126
 225	 126
 225	 126
 225	 126
 225	 126
 225	 126
 226	 126
 226	 126
 226	 126
 226	 126
 226	 126
 226	 125
 226	 125
 226	 125
 226	 125
 226	 125
 226	 125
 226	 125
 226	 125
 226	 125
 226	 125
 226	 125
 227	 125
 227	 125
 227	 125
 227	 125
 227	 125
 227	 125
 227	 125
 227	 125
 227	 125
 227	 125
 227	 124
 227	 124
 227	 124
 228	 124
 228	 124
 228	 124
 228	 124
 228	 124
 228	 124
 228	 124
 228	 124
 228	 124
 228	 124
 228	 124
 228	 124
 228	 124
 228	 124
 228	 124
 228	 124
 229	 124
 229	 124
 229	 124
 229	 124
 229	 124
 229	 123
 229	 123
 229	 123
 229	 123
 229	 123
 229	 123
 229	 123
 229	 123
 229	 123
 230	 123
 230	 123
 230	 123
 230	 123
 230	 123
 230	 123
 230	 123
 230	 123
 230	 123
 230	 123
 230	 122
 230	 122
 230	 122
 230	 122
 230	 122
 230	 122
 230	 122
 231	 122
 231	 122
 231	 122
 231	 122
 231	 122
 231	 122
 231	 122
 231	 122
 231	 122
 231	 122
 231	 122
 231	 122
 231	 122
 231	 122
 232	 122
 232	 121
 232	 121
 232	 121
 232	 121
 232	 121
 232	 121
 232	 121
 232	 121
 232	 121
 232	 121
 232	 121
 232	 121
 232	 121
 232	 121
 232	 121
 232	 121
 232	 121
 233	 120
 233	 120
 233	 120
 233	 120
 233	 120
 233	 120
 233	 120
 233	 120
 233	 120
 233	 120
 233	 120
 233	 120
 233	 120
 233	 120
 233	 120
 234	 120
 234	 120
 234	 120
 234	 120
 234	 120
 234	 120
 234	 120
 234	 120
 234	 120
 234	 119
 234	 119
 234	 119
 234	 119
 234	 119
 234	 119
 235	 119
 235	 119
 235	 119
 235	 119
 235	 119
 235	 119
 235	 119
 235	 119
 235	 119
 235	 119
 235	 119
 235	 119
 235	 119
 235	 118
 235	 118
 235	 118
 235	 118
 235	 118
 235	 118
 235	 118
 235	 118
 235	 118
 235	 118
 235	 118
 235	 118
 236	 118
 236	 118
 236	 118
 236	 117
 236	 117
 236	 117
 236	 117
 236	 117
 236	 117
 236	 117
 236	 117
 236	 117
 236	 117
 236	 117
 236	 117
 236	 117
 236	 117
 237	 117
 237	 117
 237	 117
 237	 117
 237	 116
 237	 116
 237	 116
 237	 116
 237	 116
 237	 116
 237	 116
 237	 116
 237	 116
 237	 116
 237	 116
 237	 116
 237	 116
 237	 116
 237	 116
 237	 115
 237	 115
 238	 115
 238	 115
 238	 115
 238	 115
 238	 115
 238	 115
 238	 115
 238	 115
 238	 115
 238	 115
 238	 115
 238	 115
 238	 115
 238	 115
 238	 115
 238	 114
 238	 114
 239	 114
 239	 114
 239	 114
 239	 114
 239	 114
 239	 114
 239	 114
 239	 114
 239	 114
 239	 114
 239	 114
 239	 114
 239	 113
 239	 113
 239	 113
 239	 113
 239	 113
 239	 113
 239	 113
 240	 113
 240	 113
 240	 113
 240	 113
 240	 113
 240	 113
 240	 113
 240	 112
 240	 112
 240	 112
 240	 112
 240	 112
 240	 112
 240	 112
 240	 112
 240	 112
 240	 112
 240	 112
 240	 112
 240	 112
 240	 112
 240	 112
 240	 112
 240	 112
 241	 111
 241	 111
 241	 111
 241	 111
 241	 111
 241	 111
 241	 111
 241	 111
 241	 111
 241	 111
 241	 111
 241	 111
 241	 111
 241	 110
 241	 110
 241	 110
 241	 110
 241	 110
 241	 110
 241	 110
 242	 110
 242	 110
 242	 110
 242	 110
 242	 110
 242	 110
 242	 110
 242	 110
 242	 110
 242	 110
 242	 110
 242	 110
 242	 110
 242	 110
 242	 109
 242	 109
 242	 109
 242	 109
 242	 109
 242	 109
 242	 109
 242	 109
 242	 109
 242	 109
 242	 109
 242	 109
 242	 109
 243	 108
 243	 108
 243	 108
 243	 108
 243	 108
 243	 108
 243	 108
 243	 108
 243	 108
 243	 108
 243	 108
 243	 108
 243	 107
 243	 107
 243	 107
 243	 107
 243	 107
 243	 107
 243	 107
 243	 107
 243	 107
 243	 107
 243	 107
 243	 107
 244	 107
 244	 107
 244	 107
 244	 107
 244	 106
 244	 106
 244	 106
 244	 106
 244	 106
 244	 106
 244	 106
 244	 106
 244	 106
 244	 106
 244	 106
 244	 106
 244	 105
 244	 105
 244	 105
 244	 105
 244	 105
 244	 105
 244	 105
 244	 105
 244	 105
 244	 105
 244	 105
 244	 105
 244	 105
 244	 105
 244	 105
 244	 104
 245	 104
 245	 104
 245	 104
 245	 104
 245	 104
 245	 104
 245	 104
 245	 104
 245	 104
 245	 104
 245	 104
 245	 103
 245	 103
 245	 103
 245	 103
 245	 103
 245	 103
 245	 103
 245	 103
 245	 103
 245	 103
 245	 103
 245	 103
 245	 103
 245	 103
 245	 102
 245	 102
 245	 102
 245	 102
 245	 102
 245	 102
 245	 102
 245	 102
 245	 102
 245	 102
 245	 102
 245	 102
 245	 101
 245	 101
 245	 101
 245	 101
 245	 101
 245	 101
 246	 101
 246	 101
 246	 101
 246	 101
 246	 101
 246	 101
 246	 101
 246	 101
 246	 100
 246	 100
 246	 100
 246	 100
 246	 100
 246	 100
 246	 100
 246	 100
 246	 100
 246	 100
 246	 100
 246	 100
 246	 100
 246	 100
 246	 100
 246	 100
 246	 100
 246	  99
 246	  99
 246	  99
 246	  99
 246	  99
 246	  99
 246	  99
 246	  99
 246	  99
 246	  99
 246	  99
 246	  98
 246	  98
 247	  98
 247	  98
 247	  98
 247	  98
 247	  98
 247	  98
 247	  98
 247	  98
 247	  98
 247	  98
 247	  98
 247	  98
 247	  97
 247	  97
 247	  97
 247	  97
 247	  97
 247	  97
 247	  97
 247	  97
 247	  97
 247	  97
 247	  97
 247	  97
 247	  96
 247	  96
 247	  96
 247	  96
 247	  96
 247	  96
 247	  96
 247	  96
 247	  96
 247	  96
 247	  96
 247	  96
 247	  96
 247	  96
 247	  95
 247	  95
 247	  95
 247	  95
 247	  95
 247	  95
 247	  95
 247	  95
 247	  95
 247	  95
 247	  95
 247	  94
 247	  94
 247	  94
 247	  94
 247	  94
 247	  94
 247	  94
 247	  94
 247	  94
 247	  94
 247	  94
 247	  94
 247	  94
 247	  94
 247	  93
 247	  93
 248	  93
 248	  93
 248	  93
 248	  93
 248	  93
 248	  93
 248	  93
 248	  93
 248	  93
 248	  92
 248	  92
 248	  92
 248	  92
 248	  92
 248	  92
 248	  92
 248	  92
 248	  92
 248	  92
 248	  92
 248	  91
 248	  91
 248	  91
 248	  91
 248	  91
 248	  91
 248	  91
 248	  91
 248	  91
 248	  91
 248	  91
 248	  91
 248	  91
 248	  91
 248	  91
 248	  91
 248	  91
 248	  91
 248	  90
 248	  90
 248	  90
 248	  90
 248	  90
 248	  90
 248	  90
 248	  90
 248	  90
 248	  90
 248	  90
 248	  89
 248	  89
 248	  89
 248	  89
 248	  89
 248	  89
 248	  89
 248	  89
 248	  89
 248	  89
 248	  89
 248	  89
 248	  89
 248	  89
 248	  88
 248	  88
 248	  88
 248	  88
 248	  88
 248	  88
 248	  88
 248	  88
 248	  88
 248	  88
 248	  88
 248	  87
 248	  87
 248	  87
 248	  87
 248	  87
 248	  87
 248	  87
 248	  87
 248	  87
 248	  87
 248	  87
 248	  86
 248	  86
