 4245	 1580
 4239	 1580
 4239	 1580
 4239	 1580
 4239	 1580
 4239	 1574
 4239	 1574
 4239	 1574
 4239	 1574
 4239	 1569
 4239	 1569
 4239	 1569
 4239	 1569
 4239	 1569
 4239	 1564
 4239	 1564
 4239	 1564
 4239	 1564
 4239	 1559
 4239	 1559
 4239	 1559
 4239	 1559
 4239	 1559
 4239	 1554
 4239	 1554
 4239	 1554
 4239	 1554
 4239	 1549
 4239	 1549
 4239	 1549
 4239	 1544
 4239	 1544
 4239	 1544
 4239	 1544
 4239	 1539
 4239	 1539
 4239	 1539
 4239	 1539
 4239	 1539
 4239	 1534
 4239	 1534
 4239	 1534
 4239	 1534
 4239	 1528
 4239	 1528
 4239	 1528
 4239	 1528
 4239	 1528
 4239	 1523
 4239	 1523
 4239	 1523
 4239	 1523
 4239	 1518
 4239	 1518
 4239	 1513
 4239	 1513
 4239	 1513
 4239	 1513
 4239	 1513
 4239	 1508
 4239	 1508
 4239	 1508
 4239	 1508
 4239	 1503
 4239	 1503
 4239	 1503
 4239	 1503
 4239	 1503
 4239	 1498
 4239	 1498
 4239	 1498
 4239	 1498
 4234	 1493
 4234	 1493
 4234	 1493
 4234	 1493
 4234	 1493
 4234	 1488
 4234	 1488
 4234	 1482
 4234	 1482
 4234	 1482
 4234	 1482
 4234	 1482
 4234	 1477
 4234	 1477
 4234	 1477
 4234	 1477
 4234	 1472
 4234	 1472
 4234	 1472
 4234	 1472
 4234	 1472
 4234	 1467
 4234	 1467
 4234	 1467
 4234	 1467
 4234	 1462
 4234	 1462
 4234	 1462
 4234	 1462
 4234	 1462
 4229	 1457
 4229	 1457
 4229	 1457
 4229	 1457
 4229	 1452
 4229	 1452
 4229	 1452
 4229	 1447
 4229	 1447
 4229	 1447
 4229	 1447
 4229	 1442
 4224	 1442
 4224	 1442
 4224	 1442
 4224	 1442
 4224	 1436
 4224	 1436
 4224	 1436
 4224	 1436
 4224	 1431
 4224	 1431
 4224	 1431
 4224	 1431
 4224	 1431
 4224	 1426
 4224	 1426
 4224	 1426
 4224	 1426
 4224	 1421
 4224	 1421
 4224	 1421
 4224	 1416
 4219	 1416
 4219	 1416
 4219	 1416
 4219	 1411
 4219	 1411
 4219	 1411
 4219	 1411
 4219	 1411
 4219	 1406
 4219	 1406
 4219	 1406
 4219	 1406
 4219	 1406
 4219	 1401
 4219	 1401
 4219	 1401
 4219	 1401
 4219	 1396
 4214	 1396
 4214	 1396
 4214	 1396
 4214	 1396
 4214	 1390
 4214	 1390
 4214	 1385
 4214	 1385
 4214	 1385
 4214	 1385
 4214	 1385
 4214	 1380
 4214	 1380
 4214	 1380
 4214	 1380
 4214	 1380
 4209	 1375
 4209	 1375
 4209	 1375
 4209	 1375
 4209	 1370
 4209	 1370
 4209	 1370
 4209	 1370
 4209	 1370
 4209	 1365
 4209	 1365
 4209	 1365
 4209	 1365
 4209	 1365
 4209	 1360
 4204	 1360
 4204	 1360
 4204	 1360
 4204	 1355
 4204	 1355
 4204	 1355
 4204	 1350
 4204	 1350
 4204	 1350
 4204	 1350
 4204	 1344
 4204	 1344
 4204	 1344
 4204	 1344
 4204	 1344
 4204	 1339
 4204	 1339
 4204	 1339
 4204	 1339
 4204	 1339
 4199	 1334
 4199	 1334
 4199	 1334
 4199	 1334
 4199	 1334
 4199	 1329
 4194	 1329
 4194	 1329
 4194	 1329
 4194	 1329
 4194	 1324
 4194	 1324
 4194	 1319
 4194	 1319
 4194	 1319
 4194	 1319
 4194	 1319
 4194	 1314
 4194	 1314
 4188	 1314
 4188	 1314
 4188	 1314
 4188	 1309
 4188	 1309
 4188	 1309
 4188	 1309
 4188	 1304
 4188	 1304
 4188	 1304
 4188	 1304
 4183	 1304
 4183	 1298
 4183	 1298
 4183	 1298
 4183	 1298
 4183	 1298
 4183	 1293
 4183	 1293
 4183	 1293
 4183	 1288
 4183	 1288
 4178	 1288
 4178	 1288
 4178	 1288
 4178	 1283
 4178	 1283
 4178	 1283
 4178	 1283
 4178	 1283
 4178	 1278
 4178	 1278
 4178	 1278
 4173	 1278
 4173	 1273
 4173	 1273
 4173	 1273
 4173	 1273
 4173	 1273
 4173	 1268
 4173	 1268
 4173	 1268
 4173	 1268
 4168	 1268
 4168	 1263
 4168	 1263
 4168	 1263
 4168	 1263
 4168	 1263
 4168	 1258
 4168	 1258
 4168	 1258
 4168	 1253
 4168	 1253
 4168	 1253
 4168	 1253
 4168	 1253
 4168	 1247
 4163	 1247
 4163	 1247
 4163	 1247
 4163	 1247
 4158	 1242
 4158	 1242
 4158	 1242
 4158	 1242
 4158	 1242
 4158	 1237
 4158	 1237
 4158	 1237
 4158	 1237
 4158	 1237
 4153	 1232
 4153	 1232
 4153	 1232
 4153	 1232
 4153	 1232
 4153	 1232
 4153	 1227
 4153	 1227
 4153	 1222
 4148	 1222
 4148	 1222
 4148	 1222
 4148	 1222
 4148	 1217
 4148	 1217
 4148	 1217
 4148	 1217
 4142	 1217
 4142	 1217
 4142	 1212
 4142	 1212
 4142	 1212
 4142	 1212
 4142	 1212
 4142	 1207
 4142	 1207
 4137	 1207
 4137	 1207
 4137	 1207
 4137	 1201
 4137	 1201
 4137	 1201
 4137	 1201
 4137	 1201
 4132	 1196
 4132	 1196
 4132	 1196
 4132	 1191
 4132	 1191
 4132	 1191
 4132	 1191
 4132	 1191
 4127	 1186
 4127	 1186
 4127	 1186
 4127	 1186
 4127	 1186
 4127	 1186
 4127	 1181
 4127	 1181
 4122	 1181
 4122	 1181
 4122	 1181
 4122	 1176
 4122	 1176
 4122	 1176
 4122	 1176
 4122	 1176
 4117	 1176
 4117	 1171
 4117	 1171
 4117	 1171
 4117	 1171
 4117	 1171
 4117	 1166
 4117	 1166
 4112	 1166
 4112	 1166
 4112	 1166
 4112	 1166
 4112	 1161
 4112	 1161
 4112	 1161
 4107	 1155
 4107	 1155
 4107	 1155
 4107	 1155
 4107	 1155
 4107	 1150
 4107	 1150
 4107	 1150
 4102	 1150
 4102	 1150
 4102	 1150
 4102	 1145
 4096	 1145
 4096	 1145
 4096	 1145
 4096	 1145
 4096	 1140
 4096	 1140
 4096	 1140
 4096	 1140
 4096	 1140
 4096	 1140
 4091	 1135
 4091	 1135
 4091	 1135
 4091	 1135
 4091	 1135
 4091	 1135
 4091	 1130
 4086	 1130
 4086	 1130
 4086	 1125
 4086	 1125
 4086	 1125
 4086	 1125
 4086	 1125
 4081	 1125
 4081	 1120
 4081	 1120
 4081	 1120
 4081	 1120
 4081	 1120
 4081	 1120
 4076	 1115
 4076	 1115
 4076	 1115
 4076	 1115
 4076	 1115
 4076	 1115
 4076	 1109
 4071	 1109
 4071	 1109
 4071	 1109
 4071	 1109
 4071	 1109
 4071	 1104
 4071	 1104
 4066	 1104
 4066	 1104
 4066	 1104
 4061	 1104
 4061	 1099
 4061	 1099
 4061	 1099
 4061	 1094
 4061	 1094
 4061	 1094
 4056	 1094
 4056	 1094
 4056	 1094
 4056	 1089
 4056	 1089
 4056	 1089
 4056	 1089
 4056	 1089
 4056	 1089
 4050	 1084
 4050	 1084
 4050	 1084
 4050	 1084
 4050	 1084
 4050	 1084
 4050	 1079
 4045	 1079
 4045	 1079
 4045	 1079
 4045	 1079
 4045	 1079
 4045	 1079
 4040	 1074
 4040	 1074
 4040	 1074
 4040	 1074
 4040	 1074
 4040	 1074
 4035	 1069
 4035	 1069
 4035	 1069
 4030	 1069
 4030	 1069
 4030	 1069
 4030	 1069
 4030	 1063
 4030	 1063
 4025	 1063
 4025	 1058
 4025	 1058
 4025	 1058
 4025	 1058
 4025	 1058
 4020	 1058
 4020	 1058
 4020	 1053
 4020	 1053
 4020	 1053
 4020	 1053
 4020	 1053
 4020	 1053
 4020	 1048
 4015	 1048
 4015	 1048
 4015	 1048
 4015	 1048
 4015	 1048
 4015	 1048
 4010	 1043
 4010	 1043
 4010	 1043
 4010	 1043
 4010	 1043
 4010	 1043
 4004	 1043
 4004	 1038
 4004	 1038
 3999	 1038
 3999	 1038
 3999	 1038
 3999	 1038
 3999	 1038
 3999	 1033
 3994	 1033
 3994	 1033
 3994	 1033
 3994	 1028
 3994	 1028
 3994	 1028
 3989	 1028
 3989	 1028
 3989	 1028
 3989	 1028
 3989	 1023
 3984	 1023
 3984	 1023
 3984	 1023
 3984	 1023
 3984	 1023
 3984	 1023
 3984	 1017
 3984	 1017
 3984	 1017
 3979	 1017
 3979	 1017
 3979	 1017
 3979	 1017
 3979	 1017
 3974	 1012
 3974	 1012
 3974	 1012
 3974	 1012
 3974	 1012
 3974	 1012
 3969	 1012
 3969	 1007
 3969	 1007
 3964	 1007
 3964	 1007
 3964	 1007
 3964	 1007
 3964	 1007
 3958	 1007
 3958	 1002
 3958	 1002
 3958	 1002
 3958	 1002
 3958	  997
 3953	  997
 3953	  997
 3953	  997
 3953	  997
 3953	  997
 3948	  997
 3948	  997
 3948	  992
 3948	  992
 3948	  992
 3948	  992
 3948	  992
 3948	  992
 3943	  992
 3943	  992
 3943	  987
 3943	  987
 3943	  987
 3943	  987
 3938	  987
 3938	  987
 3933	  987
 3933	  987
 3933	  982
 3933	  982
 3933	  982
 3933	  982
 3928	  982
 3928	  982
 3928	  982
 3928	  982
 3928	  977
 3923	  977
 3923	  977
 3923	  977
 3923	  977
 3923	  977
 3918	  977
 3918	  977
 3918	  977
 3918	  971
 3918	  971
 3912	  971
 3912	  971
 3912	  971
 3912	  971
 3912	  971
 3912	  971
 3912	  971
 3912	  966
 3907	  966
 3907	  966
 3907	  966
 3902	  961
 3902	  961
 3902	  961
 3902	  961
 3902	  961
 3897	  961
 3897	  961
 3897	  961
 3897	  961
 3897	  961
 3892	  956
 3892	  956
 3892	  956
 3892	  956
 3892	  956
 3887	  956
 3887	  956
 3887	  956
 3887	  956
 3887	  951
 3882	  951
 3882	  951
 3882	  951
 3882	  951
 3882	  951
 3877	  951
 3877	  951
 3877	  951
 3877	  951
 3877	  946
 3877	  946
 3877	  946
 3877	  946
 3872	  946
 3872	  946
 3867	  946
 3867	  946
 3867	  946
 3867	  946
 3867	  941
 3861	  941
 3861	  941
 3861	  941
 3861	  941
 3861	  941
 3856	  941
 3856	  941
 3856	  941
 3856	  941
 3856	  941
 3851	  936
 3851	  936
 3851	  936
 3851	  936
 3851	  936
 3846	  931
 3846	  931
 3846	  931
 3846	  931
 3846	  931
 3841	  931
 3841	  931
 3836	  931
 3836	  931
 3836	  931
 3836	  931
 3836	  931
 3836	  926
 3836	  926
 3831	  926
 3831	  926
 3831	  926
 3831	  926
 3831	  926
 3826	  926
 3826	  926
 3826	  926
 3826	  926
 3826	  920
 3821	  920
 3821	  920
 3821	  920
 3821	  920
 3821	  920
 3815	  920
 3815	  920
 3815	  920
 3815	  920
 3815	  920
 3810	  920
 3810	  920
 3805	  915
 3805	  915
 3805	  915
 3805	  915
 3805	  915
 3800	  915
 3800	  915
 3800	  915
 3800	  915
 3800	  915
 3800	  915
 3800	  915
 3795	  915
 3795	  910
 3795	  910
 3795	  910
 3795	  910
 3790	  910
 3790	  910
 3790	  910
 3790	  910
 3785	  910
 3785	  910
 3785	  910
 3785	  910
 3785	  910
 3780	  910
 3780	  905
 3780	  905
 3780	  905
 3780	  905
 3775	  905
 3775	  905
 3769	  905
 3769	  905
 3769	  900
 3769	  900
 3769	  900
 3764	  900
 3764	  900
 3764	  900
 3764	  900
 3764	  900
 3764	  900
 3764	  900
 3759	  900
 3759	  900
 3759	  900
 3759	  900
 3754	  900
 3754	  900
 3754	  895
 3754	  895
 3754	  895
 3749	  895
 3749	  895
 3749	  895
 3749	  895
 3749	  895
 3744	  895
 3744	  895
 3739	  895
 3739	  895
 3739	  895
 3739	  895
 3739	  895
 3734	  895
 3734	  895
 3734	  895
 3734	  890
 3729	  890
 3729	  890
 3729	  890
 3729	  890
 3729	  890
 3729	  890
 3729	  890
 3723	  890
 3723	  890
 3723	  890
 3723	  890
 3723	  890
 3718	  890
 3718	  890
 3718	  890
 3718	  890
 3713	  890
 3713	  890
 3713	  890
 3708	  890
 3708	  885
 3708	  885
 3708	  885
 3703	  885
 3703	  885
 3703	  885
 3703	  885
 3703	  885
 3698	  885
 3698	  885
 3698	  885
 3698	  885
 3693	  885
 3693	  885
 3693	  885
 3693	  885
 3693	  885
 3693	  885
 3693	  885
 3688	  885
 3688	  885
 3688	  885
 3688	  885
 3688	  885
 3683	  885
 3683	  885
 3683	  880
 3683	  880
 3677	  880
 3677	  880
 3672	  880
 3672	  880
 3672	  880
 3672	  880
 3672	  880
 3667	  880
 3667	  880
 3667	  880
 3667	  880
 3662	  880
 3662	  880
 3662	  880
 3662	  880
 3662	  880
 3657	  880
 3657	  880
 3657	  880
 3657	  880
 3657	  880
 3657	  880
 3657	  880
 3652	  880
 3652	  880
 3652	  880
 3652	  880
 3647	  880
 3647	  880
 3642	  880
 3642	  880
 3642	  880
 3642	  880
 3642	  880
 3637	  880
 3637	  874
 3637	  874
 3637	  874
 3631	  874
 3631	  874
 3631	  874
 3631	  874
 3631	  874
 3626	  874
 3626	  874
 3626	  874
 3626	  874
 3621	  874
 3621	  874
 3621	  874
 3621	  874
 3621	  874
 3621	  874
 3621	  874
 3616	  874
 3616	  874
 3611	  874
 3611	  874
 3611	  874
 3611	  874
 3611	  874
 3606	  874
 3606	  874
 3606	  874
 3606	  874
 3601	  874
 3601	  874
 3601	  874
 3601	  874
 3601	  874
 3596	  874
 3596	  874
 3596	  874
 3596	  874
 3591	  874
 3591	  874
 3591	  874
 3591	  874
 3591	  874
 3585	  874
 3585	  874
 3585	  874
 3585	  874
 3585	  874
 3585	  874
 3585	  869
 3585	  874
 3585	  874
 3580	  874
 3580	  874
 3575	  874
 3575	  874
 3575	  874
 3575	  874
 3570	  874
 3570	  874
 3570	  874
 3570	  874
 3570	  874
 3565	  874
 3565	  874
 3565	  874
 3565	  874
 3560	  874
 3560	  874
 3560	  874
 3560	  874
 3560	  874
 3555	  874
 3555	  874
 3555	  874
 3555	  874
 3550	  874
 3550	  874
 3550	  874
 3545	  874
 3545	  874
 3545	  874
 3545	  874
 3545	  874
 3545	  874
 3540	  874
 3540	  874
 3540	  874
 3540	  874
 3540	  874
 3534	  874
 3534	  874
 3534	  874
 3534	  874
 3529	  874
 3529	  874
 3529	  874
 3529	  874
 3529	  874
 3524	  874
 3524	  880
 3524	  880
 3524	  880
 3519	  880
 3519	  880
 3519	  880
 3514	  880
 3514	  880
 3514	  880
 3514	  880
 3509	  880
 3509	  880
 3509	  880
 3509	  880
 3509	  880
 3509	  880
 3509	  880
 3504	  880
 3504	  880
 3504	  880
 3504	  880
 3499	  880
 3499	  880
 3499	  880
 3499	  880
 3499	  880
 3494	  880
 3494	  880
 3494	  880
 3494	  880
 3488	  880
 3488	  880
 3488	  880
 3483	  880
 3483	  880
 3483	  880
 3483	  880
 3478	  885
 3478	  885
 3478	  885
 3478	  885
 3478	  885
 3473	  885
 3473	  885
 3473	  885
 3473	  885
 3473	  885
 3473	  885
 3468	  885
 3468	  885
 3468	  885
 3468	  885
 3468	  885
 3463	  885
 3463	  885
 3463	  885
 3463	  885
 3463	  885
 3458	  885
 3458	  885
 3458	  885
 3458	  885
 3453	  885
 3453	  890
 3448	  890
 3448	  890
 3448	  890
 3448	  890
 3448	  890
 3442	  890
 3442	  890
 3442	  890
 3442	  890
 3442	  890
 3437	  890
 3437	  890
 3437	  890
 3437	  890
 3437	  890
 3437	  890
 3432	  890
 3432	  890
 3432	  890
 3432	  890
 3432	  895
 3427	  895
 3427	  895
 3427	  895
 3427	  895
 3427	  895
 3422	  895
 3422	  895
 3417	  895
 3417	  895
 3417	  895
 3417	  895
 3417	  895
 3412	  895
 3412	  895
 3412	  895
 3412	  895
 3407	  895
 3407	  900
 3407	  900
 3407	  900
 3407	  900
 3402	  900
 3402	  900
 3402	  900
 3402	  900
 3402	  900
 3396	  900
 3396	  900
 3396	  900
 3396	  900
 3396	  900
 3396	  900
 3396	  900
 3391	  905
 3391	  905
 3386	  905
 3386	  905
 3386	  905
 3386	  905
 3386	  905
 3381	  905
 3381	  910
 3381	  910
 3381	  910
 3376	  910
 3376	  910
 3376	  910
 3376	  910
 3376	  910
 3371	  910
 3371	  910
 3371	  910
 3371	  910
 3371	  910
 3366	  910
 3366	  915
 3366	  915
 3366	  915
 3361	  915
 3361	  915
 3361	  915
 3361	  915
 3361	  915
 3361	  915
 3361	  915
 3361	  915
 3356	  915
 3356	  915
 3350	  920
 3350	  920
 3350	  920
 3350	  920
 3350	  920
 3345	  920
 3345	  920
 3345	  920
 3345	  920
 3345	  920
 3340	  920
 3340	  920
 3340	  920
 3340	  926
 3335	  926
 3335	  926
 3335	  926
 3335	  926
 3335	  926
 3330	  926
 3330	  926
 3330	  926
 3330	  926
 3330	  926
 3325	  931
 3325	  931
 3325	  931
 3325	  931
 3325	  931
 3320	  931
 3320	  931
 3320	  931
 3320	  931
 3320	  931
 3315	  931
 3315	  931
 3315	  936
 3315	  936
 3315	  936
 3310	  936
 3310	  936
 3310	  941
 3310	  941
 3310	  941
 3304	  941
 3304	  941
 3304	  941
 3304	  941
 3304	  941
 3299	  941
 3299	  941
 3299	  941
 3299	  946
 3294	  946
 3294	  946
 3294	  946
 3289	  946
 3289	  946
 3289	  946
 3289	  946
 3289	  946
 3289	  946
 3289	  951
 3284	  951
 3284	  951
 3284	  951
 3284	  951
 3284	  951
 3279	  951
 3279	  951
 3279	  951
 3279	  951
 3279	  956
 3279	  956
 3274	  956
 3274	  956
 3274	  956
 3274	  956
 3274	  956
 3269	  956
 3269	  956
 3269	  961
 3269	  961
 3269	  961
 3264	  961
 3264	  961
 3264	  961
 3264	  961
 3264	  961
 3258	  961
 3258	  961
 3253	  966
 3253	  966
 3253	  966
 3253	  966
 3253	  971
 3253	  971
 3253	  971
 3253	  971
 3248	  971
 3248	  971
 3248	  971
 3248	  971
 3248	  971
 3243	  977
 3243	  977
 3243	  977
 3243	  977
 3243	  977
 3243	  977
 3238	  977
 3238	  977
 3238	  977
 3238	  982
 3238	  982
 3233	  982
 3233	  982
 3233	  982
 3233	  982
 3233	  982
 3228	  982
 3228	  987
 3228	  987
 3223	  987
 3223	  987
 3223	  987
 3223	  987
 3223	  987
 3218	  987
 3218	  992
 3218	  992
 3218	  992
 3218	  992
 3213	  992
 3213	  992
 3213	  992
 3213	  992
 3213	  997
 3213	  997
 3213	  997
 3213	  997
 3213	  997
 3207	  997
 3207	  997
 3207	  997
 3207	 1002
 3207	 1002
 3202	 1002
 3202	 1002
 3202	 1007
 3202	 1007
 3202	 1007
 3197	 1007
 3197	 1007
 3197	 1007
 3192	 1007
 3192	 1007
 3192	 1012
 3192	 1012
 3192	 1012
 3192	 1012
 3187	 1012
 3187	 1012
 3187	 1012
 3187	 1017
 3187	 1017
 3182	 1017
 3182	 1017
 3182	 1017
 3182	 1017
 3182	 1017
 3182	 1017
 3177	 1023
 3177	 1023
 3177	 1023
 3177	 1023
 3177	 1023
 3177	 1023
 3177	 1023
 3177	 1028
 3172	 1028
 3172	 1028
 3172	 1028
 3172	 1028
 3172	 1028
 3172	 1028
 3167	 1033
 3167	 1033
 3167	 1033
 3167	 1033
 3167	 1038
 3167	 1038
 3161	 1038
 3161	 1038
 3161	 1038
 3156	 1038
 3156	 1038
 3156	 1043
 3156	 1043
 3156	 1043
 3156	 1043
 3151	 1043
 3151	 1043
 3151	 1043
 3151	 1048
 3151	 1048
 3151	 1048
 3146	 1048
 3146	 1048
 3146	 1048
 3146	 1048
 3146	 1053
 3146	 1053
 3141	 1053
 3141	 1053
 3141	 1053
 3141	 1053
 3141	 1058
 3141	 1058
 3141	 1058
 3141	 1058
 3141	 1058
 3136	 1058
 3136	 1058
 3136	 1063
 3136	 1063
 3136	 1063
 3136	 1069
 3131	 1069
 3131	 1069
 3131	 1069
 3126	 1069
 3126	 1069
 3126	 1069
 3126	 1074
 3126	 1074
 3126	 1074
 3121	 1074
 3121	 1074
 3121	 1074
 3121	 1079
 3121	 1079
 3121	 1079
 3115	 1079
 3115	 1079
 3115	 1079
 3115	 1079
 3115	 1084
 3115	 1084
 3115	 1084
 3110	 1084
 3110	 1084
 3110	 1084
 3110	 1089
 3110	 1089
 3110	 1089
 3105	 1089
 3105	 1089
 3105	 1089
 3105	 1094
 3105	 1094
 3105	 1094
 3105	 1094
 3105	 1094
 3105	 1094
 3105	 1099
 3100	 1099
 3100	 1099
 3100	 1104
 3095	 1104
 3095	 1104
 3095	 1104
 3095	 1104
 3095	 1104
 3095	 1109
 3095	 1109
 3090	 1109
 3090	 1109
 3090	 1109
 3090	 1109
 3090	 1115
 3090	 1115
 3085	 1115
 3085	 1115
 3085	 1115
 3085	 1115
 3085	 1120
 3085	 1120
 3085	 1120
 3080	 1120
 3080	 1120
 3080	 1120
 3080	 1125
 3080	 1125
 3080	 1125
 3080	 1125
 3075	 1125
 3075	 1125
 3075	 1130
 3075	 1130
 3075	 1130
 3075	 1135
 3075	 1135
 3069	 1135
 3069	 1135
 3069	 1135
 3069	 1135
 3069	 1140
 3069	 1140
 3069	 1140
 3069	 1140
 3069	 1140
 3069	 1140
 3069	 1145
 3064	 1145
 3064	 1145
 3064	 1145
 3059	 1145
 3059	 1150
 3059	 1150
 3059	 1150
 3059	 1150
 3059	 1150
 3059	 1150
 3059	 1155
 3054	 1155
 3054	 1155
 3054	 1155
 3054	 1155
 3054	 1161
 3054	 1161
 3054	 1161
 3049	 1166
 3049	 1166
 3049	 1166
 3049	 1166
 3049	 1166
 3049	 1166
 3049	 1171
 3049	 1171
 3044	 1171
 3044	 1171
 3044	 1171
 3044	 1176
 3044	 1176
 3044	 1176
 3044	 1176
 3044	 1176
 3039	 1176
 3039	 1181
 3039	 1181
 3039	 1181
 3039	 1181
 3039	 1181
 3039	 1186
 3039	 1186
 3034	 1186
 3034	 1186
 3034	 1186
 3034	 1186
 3029	 1191
 3029	 1191
 3029	 1191
 3029	 1191
 3029	 1191
 3029	 1196
 3029	 1196
 3029	 1196
 3029	 1201
 3029	 1201
 3029	 1201
 3029	 1201
 3023	 1201
 3023	 1207
 3023	 1207
 3023	 1207
 3023	 1207
 3023	 1207
 3023	 1212
 3023	 1212
 3018	 1212
 3018	 1212
 3018	 1212
 3018	 1217
 3018	 1217
 3018	 1217
 3018	 1217
 3018	 1217
 3018	 1217
 3013	 1222
 3013	 1222
 3013	 1222
 3013	 1222
 3013	 1222
 3013	 1227
 3013	 1227
 3013	 1232
 3013	 1232
 3008	 1232
 3008	 1232
 3008	 1232
 3008	 1232
 3008	 1237
 3008	 1237
 3008	 1237
 3008	 1237
 3008	 1237
 3003	 1242
 3003	 1242
 3003	 1242
 3003	 1242
 3003	 1242
 2998	 1247
 2998	 1247
 2998	 1247
 2998	 1247
 2998	 1247
 2998	 1253
 2998	 1253
 2998	 1253
 2998	 1253
 2993	 1253
 2993	 1258
 2993	 1258
 2993	 1258
 2993	 1263
 2993	 1263
 2993	 1263
 2993	 1263
 2993	 1263
 2993	 1268
 2993	 1268
 2993	 1268
 2993	 1268
 2993	 1268
 2993	 1273
 2988	 1273
 2988	 1273
 2988	 1273
 2988	 1273
 2988	 1278
 2988	 1278
 2988	 1278
 2988	 1278
 2988	 1283
 2988	 1283
 2983	 1283
 2983	 1283
 2983	 1283
 2983	 1288
 2983	 1288
 2983	 1288
 2983	 1288
 2983	 1288
 2983	 1293
 2983	 1293
 2983	 1293
 2977	 1298
 2977	 1298
 2977	 1298
 2977	 1298
 2977	 1298
 2977	 1304
 2977	 1304
 2977	 1304
 2977	 1304
 2977	 1304
 2977	 1309
 2977	 1309
 2972	 1309
 2972	 1309
 2972	 1314
 2972	 1314
 2972	 1314
 2972	 1314
 2972	 1314
 2972	 1319
 2972	 1319
 2972	 1319
 2972	 1319
 2967	 1319
 2967	 1324
 2967	 1324
 2967	 1329
 2967	 1329
 2967	 1329
 2967	 1329
 2962	 1329
 2962	 1334
 2962	 1334
 2962	 1334
 2962	 1334
 2962	 1334
 2962	 1339
 2962	 1339
 2962	 1339
 2962	 1339
 2962	 1339
 2962	 1344
 2957	 1344
 2957	 1344
 2957	 1344
 2957	 1344
 2957	 1350
 2957	 1350
 2957	 1350
 2957	 1350
 2957	 1355
 2957	 1355
 2957	 1355
 2957	 1360
 2957	 1360
 2957	 1360
 2957	 1360
 2957	 1365
 2957	 1365
 2957	 1365
 2957	 1365
 2957	 1365
 2957	 1370
 2952	 1370
 2952	 1370
 2952	 1370
 2952	 1370
 2952	 1375
 2952	 1375
 2952	 1375
 2952	 1375
 2952	 1380
 2952	 1380
 2952	 1380
 2952	 1380
 2952	 1380
 2952	 1385
 2952	 1385
 2952	 1385
 2947	 1385
 2947	 1385
 2947	 1390
 2947	 1390
 2947	 1396
 2947	 1396
 2947	 1396
 2947	 1396
 2947	 1396
 2947	 1401
 2947	 1401
 2947	 1401
 2947	 1401
 2947	 1406
 2947	 1406
 2947	 1406
 2947	 1406
 2942	 1406
 2942	 1411
 2942	 1411
 2942	 1411
 2942	 1411
 2942	 1411
 2942	 1416
 2942	 1416
 2942	 1416
 2942	 1416
 2942	 1421
 2942	 1421
 2942	 1421
 2942	 1426
 2942	 1426
 2942	 1426
 2942	 1426
 2942	 1431
 2942	 1431
 2937	 1431
 2937	 1431
 2937	 1431
 2937	 1436
 2937	 1436
 2937	 1436
 2937	 1436
 2937	 1442
 2937	 1442
 2937	 1442
 2937	 1442
 2931	 1442
 2931	 1447
 2931	 1447
 2931	 1447
 2931	 1447
 2931	 1452
 2931	 1452
 2931	 1452
 2931	 1457
 2931	 1457
 2931	 1457
 2931	 1457
 2931	 1462
 2931	 1462
 2931	 1462
 2931	 1462
 2931	 1462
 2931	 1467
 2931	 1467
 2931	 1467
 2931	 1467
 2931	 1472
 2931	 1472
 2931	 1472
 2931	 1472
 2931	 1472
 2926	 1477
 2926	 1477
 2926	 1477
 2926	 1477
 2926	 1482
 2926	 1482
 2926	 1482
 2926	 1482
 2926	 1482
 2926	 1488
 2926	 1488
 2926	 1493
 2926	 1493
 2926	 1493
 2926	 1493
 2926	 1493
 2926	 1498
 2926	 1498
 2926	 1498
 2926	 1498
 2926	 1503
 2926	 1503
 2926	 1503
 2926	 1503
 2926	 1503
 2926	 1508
 2926	 1508
 2926	 1508
 2926	 1508
 2926	 1513
 2926	 1513
 2926	 1513
 2926	 1513
 2926	 1513
 2926	 1518
 2926	 1518
 2926	 1523
 2921	 1523
 2921	 1523
 2921	 1523
 2921	 1528
 2921	 1528
 2921	 1528
 2921	 1528
 2921	 1528
 2921	 1534
 2921	 1534
 2921	 1534
 2921	 1534
 2921	 1539
 2921	 1539
 2921	 1539
 2921	 1539
 2921	 1539
 2921	 1544
 2921	 1544
 2921	 1544
 2921	 1544
 2921	 1549
 2921	 1549
 2921	 1549
 2921	 1554
 2921	 1554
 2921	 1554
 2921	 1554
 2921	 1559
 2921	 1559
 2921	 1559
 2921	 1559
 2921	 1559
 2921	 1564
 2921	 1564
 2921	 1564
 2921	 1564
 2921	 1569
 2921	 1569
 2921	 1569
 2921	 1569
 2921	 1569
 2921	 1574
 2921	 1574
 2921	 1574
 2921	 1574
 2921	 1580
 2921	 1580
 2921	 1580
 2921	 1580
 2921	 1580
 2921	 1580
 2921	 1580
 2921	 1585
 2921	 1585
 2921	 1590
 2921	 1590
 2921	 1590
 2921	 1590
 2921	 1595
 2921	 1595
 2921	 1595
 2921	 1595
 2921	 1595
 2921	 1600
 2921	 1600
 2921	 1600
 2921	 1600
 2921	 1605
 2921	 1605
 2921	 1605
 2921	 1605
 2921	 1605
 2921	 1610
 2921	 1610
 2921	 1610
 2921	 1610
 2921	 1615
 2921	 1615
 2921	 1615
 2921	 1620
 2921	 1620
 2921	 1620
 2921	 1620
 2921	 1625
 2921	 1625
 2921	 1625
 2921	 1625
 2921	 1625
 2921	 1631
 2921	 1631
 2921	 1631
 2921	 1631
 2921	 1636
 2921	 1636
 2921	 1636
 2921	 1636
 2921	 1636
 2921	 1641
 2921	 1641
 2921	 1641
 2926	 1641
 2926	 1646
 2926	 1646
 2926	 1651
 2926	 1651
 2926	 1651
 2926	 1651
 2926	 1651
 2926	 1656
 2926	 1656
 2926	 1656
 2926	 1656
 2926	 1661
 2926	 1661
 2926	 1661
 2926	 1661
 2926	 1661
 2926	 1666
 2926	 1666
 2926	 1666
 2926	 1666
 2926	 1671
 2926	 1671
 2926	 1671
 2926	 1671
 2926	 1671
 2926	 1677
 2926	 1677
 2926	 1682
 2926	 1682
 2926	 1682
 2926	 1682
 2926	 1682
 2926	 1687
 2926	 1687
 2926	 1687
 2926	 1687
 2931	 1692
 2931	 1692
 2931	 1692
 2931	 1692
 2931	 1692
 2931	 1697
 2931	 1697
 2931	 1697
 2931	 1697
 2931	 1702
 2931	 1702
 2931	 1702
 2931	 1702
 2931	 1702
 2931	 1707
 2931	 1707
 2931	 1707
 2931	 1707
 2931	 1712
 2931	 1712
 2931	 1712
 2931	 1717
 2931	 1717
 2931	 1717
 2931	 1717
 2931	 1723
 2937	 1723
 2937	 1723
 2937	 1723
 2937	 1723
 2937	 1728
 2937	 1728
 2937	 1728
 2937	 1728
 2937	 1733
 2937	 1733
 2937	 1733
 2942	 1733
 2942	 1733
 2942	 1738
 2942	 1738
 2942	 1738
 2942	 1738
 2942	 1743
 2942	 1743
 2942	 1743
 2942	 1748
 2942	 1748
 2942	 1748
 2942	 1748
 2942	 1753
 2942	 1753
 2942	 1753
 2942	 1753
 2942	 1753
 2942	 1758
 2947	 1758
 2947	 1758
 2947	 1758
 2947	 1758
 2947	 1763
 2947	 1763
 2947	 1763
 2947	 1763
 2947	 1769
 2947	 1769
 2947	 1769
 2947	 1769
 2947	 1769
 2947	 1774
 2947	 1774
 2947	 1779
 2947	 1779
 2952	 1779
 2952	 1779
 2952	 1779
 2952	 1784
 2952	 1784
 2952	 1784
 2952	 1784
 2952	 1784
 2952	 1789
 2952	 1789
 2952	 1789
 2952	 1789
 2952	 1794
 2952	 1794
 2952	 1794
 2952	 1794
 2957	 1794
 2957	 1799
 2957	 1799
 2957	 1799
 2957	 1799
 2957	 1799
 2957	 1804
 2957	 1804
 2957	 1804
 2957	 1804
 2957	 1809
 2957	 1809
 2957	 1809
 2957	 1815
 2957	 1815
 2957	 1815
 2957	 1815
 2957	 1820
 2957	 1820
 2957	 1820
 2957	 1820
 2962	 1820
 2962	 1825
 2962	 1825
 2962	 1825
 2962	 1825
 2962	 1825
 2962	 1830
 2962	 1830
 2962	 1830
 2962	 1830
 2962	 1830
 2962	 1835
 2967	 1835
 2967	 1835
 2967	 1835
 2967	 1835
 2967	 1840
 2967	 1840
 2967	 1845
 2972	 1845
 2972	 1845
 2972	 1845
 2972	 1845
 2972	 1850
 2972	 1850
 2972	 1850
 2972	 1850
 2972	 1850
 2972	 1855
 2972	 1855
 2977	 1855
 2977	 1855
 2977	 1861
 2977	 1861
 2977	 1861
 2977	 1861
 2977	 1861
 2977	 1866
 2977	 1866
 2977	 1866
 2977	 1866
 2977	 1866
 2983	 1871
 2983	 1871
 2983	 1871
 2983	 1876
 2983	 1876
 2983	 1876
 2983	 1876
 2983	 1876
 2983	 1881
 2983	 1881
 2983	 1881
 2988	 1881
 2988	 1881
 2988	 1886
 2988	 1886
 2988	 1886
 2988	 1886
 2988	 1891
 2988	 1891
 2988	 1891
 2988	 1891
 2993	 1891
 2993	 1896
 2993	 1896
 2993	 1896
 2993	 1896
 2993	 1896
 2993	 1901
 2993	 1901
 2993	 1901
 2993	 1901
 2993	 1901
 2993	 1907
 2993	 1907
 2993	 1907
 2993	 1912
 2998	 1912
 2998	 1912
 2998	 1912
 2998	 1912
 2998	 1917
 2998	 1917
 2998	 1917
 2998	 1917
 2998	 1917
 3003	 1922
 3003	 1922
 3003	 1922
 3003	 1922
 3003	 1922
 3008	 1927
 3008	 1927
 3008	 1927
 3008	 1927
 3008	 1927
 3008	 1932
 3008	 1932
 3008	 1932
 3008	 1932
 3013	 1932
 3013	 1932
 3013	 1937
 3013	 1937
 3013	 1942
 3013	 1942
 3013	 1942
 3013	 1942
 3013	 1942
 3018	 1947
 3018	 1947
 3018	 1947
 3018	 1947
 3018	 1947
 3018	 1947
 3018	 1952
 3018	 1952
 3018	 1952
 3023	 1952
 3023	 1952
 3023	 1958
 3023	 1958
 3023	 1958
 3023	 1958
 3023	 1958
 3023	 1963
 3029	 1963
 3029	 1963
 3029	 1963
 3029	 1963
 3029	 1968
 3029	 1968
 3029	 1968
 3029	 1973
 3029	 1973
 3029	 1973
 3029	 1973
 3029	 1973
 3034	 1978
 3034	 1978
 3034	 1978
 3034	 1978
 3039	 1978
 3039	 1978
 3039	 1983
 3039	 1983
 3039	 1983
 3039	 1983
 3039	 1983
 3039	 1988
 3044	 1988
 3044	 1988
 3044	 1988
 3044	 1988
 3044	 1988
 3044	 1993
 3044	 1993
 3044	 1993
 3049	 1993
 3049	 1993
 3049	 1998
 3049	 1998
 3049	 1998
 3049	 1998
 3049	 1998
 3049	 1998
 3054	 2004
 3054	 2004
 3054	 2004
 3054	 2009
 3054	 2009
 3054	 2009
 3054	 2009
 3059	 2009
 3059	 2014
 3059	 2014
 3059	 2014
 3059	 2014
 3059	 2014
 3059	 2014
 3059	 2019
 3064	 2019
 3064	 2019
 3064	 2019
 3069	 2019
 3069	 2024
 3069	 2024
 3069	 2024
 3069	 2024
 3069	 2024
 3069	 2024
 3069	 2029
 3069	 2029
 3069	 2029
 3069	 2029
 3075	 2029
 3075	 2029
 3075	 2034
 3075	 2034
 3075	 2034
 3075	 2039
 3075	 2039
 3080	 2039
 3080	 2039
 3080	 2039
 3080	 2039
 3080	 2044
 3080	 2044
 3080	 2044
 3085	 2044
 3085	 2044
 3085	 2044
 3085	 2050
 3085	 2050
 3085	 2050
 3085	 2050
 3090	 2050
 3090	 2050
 3090	 2055
 3090	 2055
 3090	 2055
 3090	 2055
 3095	 2055
 3095	 2055
 3095	 2060
 3095	 2060
 3095	 2060
 3095	 2060
 3095	 2060
 3100	 2060
 3100	 2065
 3100	 2065
 3105	 2065
 3105	 2070
 3105	 2070
 3105	 2070
 3105	 2070
 3105	 2070
 3105	 2070
 3105	 2075
 3105	 2075
 3105	 2075
 3110	 2075
 3110	 2075
 3110	 2075
 3110	 2080
 3110	 2080
 3110	 2080
 3115	 2080
 3115	 2080
 3115	 2080
 3115	 2085
 3115	 2085
 3115	 2085
 3115	 2085
 3121	 2085
 3121	 2085
 3121	 2085
 3121	 2090
 3121	 2090
 3121	 2090
 3126	 2090
 3126	 2090
 3126	 2090
 3126	 2096
 3126	 2096
 3126	 2096
 3131	 2096
 3131	 2096
 3131	 2096
 3136	 2096
 3136	 2101
 3136	 2101
 3136	 2101
 3136	 2106
 3136	 2106
 3141	 2106
 3141	 2106
 3141	 2106
 3141	 2106
 3141	 2106
 3141	 2111
 3141	 2111
 3141	 2111
 3141	 2111
 3146	 2111
 3146	 2111
 3146	 2116
 3146	 2116
 3146	 2116
 3146	 2116
 3151	 2116
 3151	 2116
 3151	 2116
 3151	 2121
 3151	 2121
 3151	 2121
 3156	 2121
 3156	 2121
 3156	 2121
 3156	 2121
 3156	 2126
 3156	 2126
 3161	 2126
 3161	 2126
 3161	 2126
 3167	 2126
 3167	 2126
 3167	 2131
 3167	 2131
 3167	 2131
 3167	 2131
 3172	 2136
 3172	 2136
 3172	 2136
 3172	 2136
 3172	 2136
 3172	 2136
 3177	 2136
 3177	 2142
 3177	 2142
 3177	 2142
 3177	 2142
 3177	 2142
 3177	 2142
 3177	 2142
 3182	 2147
 3182	 2147
 3182	 2147
 3182	 2147
 3182	 2147
 3182	 2147
 3187	 2147
 3187	 2147
 3187	 2152
 3187	 2152
 3187	 2152
 3192	 2152
 3192	 2152
 3192	 2152
 3192	 2152
 3192	 2157
 3192	 2157
 3197	 2157
 3197	 2157
 3197	 2157
 3202	 2157
 3202	 2157
 3202	 2157
 3202	 2162
 3202	 2162
 3207	 2162
 3207	 2162
 3207	 2167
 3207	 2167
 3207	 2167
 3213	 2167
 3213	 2167
 3213	 2167
 3213	 2167
 3213	 2167
 3213	 2172
 3213	 2172
 3213	 2172
 3213	 2172
 3218	 2172
 3218	 2172
 3218	 2172
 3218	 2172
 3218	 2177
 3223	 2177
 3223	 2177
 3223	 2177
 3223	 2177
 3223	 2177
 3228	 2177
 3228	 2177
 3228	 2182
 3233	 2182
 3233	 2182
 3233	 2182
 3233	 2182
 3233	 2182
 3238	 2182
 3238	 2182
 3238	 2188
 3238	 2188
 3238	 2188
 3243	 2188
 3243	 2188
 3243	 2188
 3243	 2188
 3243	 2188
 3243	 2188
 3248	 2193
 3248	 2193
 3248	 2193
 3248	 2193
 3248	 2193
 3253	 2193
 3253	 2193
 3253	 2193
 3253	 2193
 3253	 2198
 3253	 2198
 3253	 2198
 3253	 2198
 3258	 2203
 3258	 2203
 3264	 2203
 3264	 2203
 3264	 2203
 3264	 2203
 3264	 2203
 3269	 2203
 3269	 2203
 3269	 2203
 3269	 2208
 3269	 2208
 3274	 2208
 3274	 2208
 3274	 2208
 3274	 2208
 3274	 2208
 3279	 2208
 3279	 2208
 3279	 2213
 3279	 2213
 3279	 2213
 3279	 2213
 3284	 2213
 3284	 2213
 3284	 2213
 3284	 2213
 3284	 2213
 3289	 2213
 3289	 2218
 3289	 2218
 3289	 2218
 3289	 2218
 3289	 2218
 3289	 2218
 3294	 2218
 3294	 2218
 3294	 2218
 3299	 2218
 3299	 2223
 3299	 2223
 3299	 2223
 3304	 2223
 3304	 2223
 3304	 2223
 3304	 2223
 3304	 2223
 3310	 2223
 3310	 2223
 3310	 2223
 3310	 2228
 3310	 2228
 3315	 2228
 3315	 2228
 3315	 2228
 3315	 2234
 3315	 2234
 3320	 2234
 3320	 2234
 3320	 2234
 3320	 2234
 3320	 2234
 3325	 2234
 3325	 2234
 3325	 2234
 3325	 2234
 3325	 2234
 3330	 2239
 3330	 2239
 3330	 2239
 3330	 2239
 3330	 2239
 3335	 2239
 3335	 2239
 3335	 2239
 3335	 2239
 3335	 2239
 3340	 2239
 3340	 2244
 3340	 2244
 3340	 2244
 3345	 2244
 3345	 2244
 3345	 2244
 3345	 2244
 3345	 2244
 3350	 2244
 3350	 2244
 3350	 2244
 3350	 2244
 3350	 2244
 3356	 2249
 3356	 2249
 3361	 2249
 3361	 2249
 3361	 2249
 3361	 2249
 3361	 2249
 3361	 2249
 3361	 2249
 3361	 2249
 3366	 2249
 3366	 2249
 3366	 2249
 3366	 2254
 3371	 2254
 3371	 2254
 3371	 2254
 3371	 2254
 3371	 2254
 3376	 2254
 3376	 2254
 3376	 2254
 3376	 2254
 3376	 2254
 3381	 2254
 3381	 2254
 3381	 2254
 3381	 2259
 3386	 2259
 3386	 2259
 3386	 2259
 3386	 2259
 3386	 2259
 3391	 2259
 3391	 2259
 3396	 2264
 3396	 2264
 3396	 2264
 3396	 2264
 3396	 2264
 3396	 2264
 3396	 2264
 3402	 2264
 3402	 2264
 3402	 2264
 3402	 2264
 3402	 2264
 3407	 2264
 3407	 2264
 3407	 2264
 3407	 2264
 3407	 2269
 3412	 2269
 3412	 2269
 3412	 2269
 3412	 2269
 3417	 2269
 3417	 2269
 3417	 2269
 3417	 2269
 3417	 2269
 3422	 2269
 3422	 2269
 3427	 2269
 3427	 2269
 3427	 2269
 3427	 2269
 3427	 2269
 3432	 2269
 3432	 2274
 3432	 2274
 3432	 2274
 3432	 2274
 3437	 2274
 3437	 2274
 3437	 2274
 3437	 2274
 3437	 2274
 3437	 2274
 3442	 2274
 3442	 2274
 3442	 2274
 3442	 2274
 3442	 2274
 3448	 2274
 3448	 2274
 3448	 2274
 3448	 2274
 3448	 2274
 3453	 2274
 3453	 2279
 3458	 2279
 3458	 2279
 3458	 2279
 3458	 2279
 3463	 2279
 3463	 2279
 3463	 2279
 3463	 2279
 3463	 2279
 3468	 2279
 3468	 2279
 3468	 2279
 3468	 2279
 3468	 2279
 3473	 2279
 3473	 2279
 3473	 2279
 3473	 2279
 3473	 2279
 3473	 2279
 3478	 2279
 3478	 2279
 3478	 2279
 3478	 2279
 3478	 2279
 3483	 2285
 3483	 2285
 3483	 2285
 3483	 2285
 3488	 2285
 3488	 2285
 3488	 2285
 3494	 2285
 3494	 2285
 3494	 2285
 3494	 2285
 3499	 2285
 3499	 2285
 3499	 2285
 3499	 2285
 3499	 2285
 3504	 2285
 3504	 2285
 3504	 2285
 3504	 2285
 3509	 2285
 3509	 2285
 3509	 2285
 3509	 2285
 3509	 2285
 3509	 2285
 3509	 2285
 3514	 2285
 3514	 2285
 3514	 2285
 3514	 2285
 3519	 2285
 3519	 2285
 3519	 2285
 3524	 2285
 3524	 2285
 3524	 2285
 3524	 2290
 3529	 2290
 3529	 2290
 3529	 2290
 3529	 2290
 3529	 2290
 3534	 2290
 3534	 2290
 3534	 2290
 3534	 2290
 3540	 2290
 3540	 2290
 3540	 2290
 3540	 2290
 3540	 2290
 3545	 2290
 3545	 2290
 3545	 2290
 3545	 2290
 3545	 2290
 3545	 2290
 3550	 2290
 3550	 2290
 3550	 2290
 3555	 2290
 3555	 2290
 3555	 2290
 3555	 2290
 3560	 2290
 3560	 2290
 3560	 2290
 3560	 2290
 3560	 2290
 3565	 2290
 3565	 2290
 3565	 2290
 3565	 2290
 3570	 2290
 3570	 2290
 3570	 2290
 3570	 2290
 3570	 2290
 3575	 2290
 3575	 2290
 3575	 2290
 3575	 2290
 3580	 2290
 3580	 2290
 3585	 2290
 3585	 2290
 3585	 2290
 3585	 2290
 3585	 2290
 3585	 2290
 3585	 2290
 3585	 2290
 3585	 2290
 3591	 2290
 3591	 2290
 3591	 2290
 3591	 2290
 3591	 2290
 3596	 2290
 3596	 2290
 3596	 2290
 3596	 2290
 3601	 2290
 3601	 2290
 3601	 2290
 3601	 2290
 3601	 2290
 3606	 2290
 3606	 2290
 3606	 2290
 3606	 2290
 3611	 2290
 3611	 2290
 3611	 2290
 3611	 2290
 3611	 2290
 3616	 2290
 3616	 2290
 3621	 2290
 3621	 2290
 3621	 2290
 3621	 2290
 3621	 2290
 3621	 2290
 3621	 2290
 3626	 2290
 3626	 2290
 3626	 2290
 3626	 2290
 3631	 2290
 3631	 2290
 3631	 2290
 3631	 2290
 3631	 2290
 3637	 2290
 3637	 2290
 3637	 2290
 3637	 2285
 3642	 2285
 3642	 2285
 3642	 2285
 3642	 2285
 3642	 2285
 3647	 2285
 3647	 2285
 3652	 2285
 3652	 2285
 3652	 2285
 3652	 2285
 3657	 2285
 3657	 2285
 3657	 2285
 3657	 2285
 3657	 2285
 3657	 2285
 3657	 2285
 3662	 2285
 3662	 2285
 3662	 2285
 3662	 2285
 3662	 2285
 3667	 2285
 3667	 2285
 3667	 2285
 3667	 2285
 3672	 2285
 3672	 2285
 3672	 2285
 3672	 2285
 3672	 2285
 3677	 2285
 3677	 2285
 3683	 2285
 3683	 2285
 3683	 2279
 3683	 2279
 3688	 2279
 3688	 2279
 3688	 2279
 3688	 2279
 3688	 2279
 3693	 2279
 3693	 2279
 3693	 2279
 3693	 2279
 3693	 2279
 3693	 2279
 3693	 2279
 3698	 2279
 3698	 2279
 3698	 2279
 3698	 2279
 3703	 2279
 3703	 2279
 3703	 2279
 3703	 2279
 3703	 2279
 3708	 2279
 3708	 2279
 3708	 2279
 3708	 2274
 3713	 2274
 3713	 2274
 3713	 2274
 3718	 2274
 3718	 2274
 3718	 2274
 3718	 2274
 3723	 2274
 3723	 2274
 3723	 2274
 3723	 2274
 3723	 2274
 3729	 2274
 3729	 2274
 3729	 2274
 3729	 2274
 3729	 2274
 3729	 2274
 3729	 2274
 3734	 2274
 3734	 2269
 3734	 2269
 3734	 2269
 3739	 2269
 3739	 2269
 3739	 2269
 3739	 2269
 3739	 2269
 3744	 2269
 3744	 2269
 3749	 2269
 3749	 2269
 3749	 2269
 3749	 2269
 3749	 2269
 3754	 2269
 3754	 2269
 3754	 2269
 3754	 2264
 3754	 2264
 3759	 2264
 3759	 2264
 3759	 2264
 3759	 2264
 3764	 2264
 3764	 2264
 3764	 2264
 3764	 2264
 3764	 2264
 3764	 2264
 3764	 2264
 3769	 2264
 3769	 2264
 3769	 2264
 3769	 2259
 3769	 2259
 3775	 2259
 3775	 2259
 3780	 2259
 3780	 2259
 3780	 2259
 3780	 2259
 3780	 2254
 3785	 2254
 3785	 2254
 3785	 2254
 3785	 2254
 3785	 2254
 3790	 2254
 3790	 2254
 3790	 2254
 3790	 2254
 3795	 2254
 3795	 2254
 3795	 2254
 3795	 2254
 3795	 2249
 3800	 2249
 3800	 2249
 3800	 2249
 3800	 2249
 3800	 2249
 3800	 2249
 3800	 2249
 3805	 2249
 3805	 2249
 3805	 2249
 3805	 2249
 3805	 2249
 3810	 2244
 3810	 2244
 3815	 2244
 3815	 2244
 3815	 2244
 3815	 2244
 3815	 2244
 3821	 2244
 3821	 2244
 3821	 2244
 3821	 2244
 3821	 2244
 3826	 2244
 3826	 2239
 3826	 2239
 3826	 2239
 3826	 2239
 3831	 2239
 3831	 2239
 3831	 2239
 3831	 2239
 3831	 2239
 3836	 2239
 3836	 2239
 3836	 2234
 3836	 2234
 3836	 2234
 3836	 2234
 3836	 2234
 3841	 2234
 3841	 2234
 3846	 2234
 3846	 2234
 3846	 2234
 3846	 2234
 3846	 2234
 3851	 2228
 3851	 2228
 3851	 2228
 3851	 2228
 3851	 2228
 3856	 2223
 3856	 2223
 3856	 2223
 3856	 2223
 3856	 2223
 3861	 2223
 3861	 2223
 3861	 2223
 3861	 2223
 3861	 2223
 3867	 2223
 3867	 2218
 3867	 2218
 3867	 2218
 3867	 2218
 3872	 2218
 3872	 2218
 3877	 2218
 3877	 2218
 3877	 2218
 3877	 2218
 3877	 2213
 3877	 2213
 3877	 2213
 3877	 2213
 3882	 2213
 3882	 2213
 3882	 2213
 3882	 2213
 3882	 2213
 3887	 2213
 3887	 2208
 3887	 2208
 3887	 2208
 3887	 2208
 3892	 2208
 3892	 2208
 3892	 2208
 3892	 2208
 3892	 2208
 3897	 2203
 3897	 2203
 3897	 2203
 3897	 2203
 3897	 2203
 3902	 2203
 3902	 2203
 3902	 2203
 3902	 2203
 3902	 2203
 3907	 2198
 3907	 2198
 3907	 2198
 3912	 2198
 3912	 2193
 3912	 2193
 3912	 2193
 3912	 2193
 3912	 2193
 3912	 2193
 3912	 2193
 3918	 2193
 3918	 2193
 3918	 2188
 3918	 2188
 3918	 2188
 3923	 2188
 3923	 2188
 3923	 2188
 3923	 2188
 3923	 2188
 3928	 2188
 3928	 2182
 3928	 2182
 3928	 2182
 3928	 2182
 3933	 2182
 3933	 2182
 3933	 2182
 3933	 2182
 3933	 2177
 3933	 2177
 3938	 2177
 3938	 2177
 3943	 2177
 3943	 2177
 3943	 2177
 3943	 2177
 3943	 2172
 3943	 2172
 3948	 2172
 3948	 2172
 3948	 2172
 3948	 2172
 3948	 2172
 3948	 2172
 3948	 2167
 3948	 2167
 3953	 2167
 3953	 2167
 3953	 2167
 3953	 2167
 3953	 2167
 3958	 2167
 3958	 2162
 3958	 2162
 3958	 2162
 3958	 2162
 3958	 2157
 3964	 2157
 3964	 2157
 3964	 2157
 3964	 2157
 3964	 2157
 3969	 2157
 3969	 2157
 3969	 2152
 3974	 2152
 3974	 2152
 3974	 2152
 3974	 2152
 3974	 2152
 3974	 2152
 3979	 2147
 3979	 2147
 3979	 2147
 3979	 2147
 3979	 2147
 3984	 2147
 3984	 2147
 3984	 2147
 3984	 2142
 3984	 2142
 3984	 2142
 3984	 2142
 3984	 2142
 3984	 2142
 3989	 2142
 3989	 2136
 3989	 2136
 3989	 2136
 3989	 2136
 3994	 2136
 3994	 2136
 3994	 2136
 3994	 2131
 3994	 2131
 3994	 2131
 3999	 2131
 3999	 2126
 3999	 2126
 3999	 2126
 3999	 2126
 3999	 2126
 4004	 2126
 4004	 2126
 4004	 2121
 4010	 2121
 4010	 2121
 4010	 2121
 4010	 2121
 4010	 2121
 4010	 2121
 4015	 2116
 4015	 2116
 4015	 2116
 4015	 2116
 4015	 2116
 4015	 2116
 4020	 2116
 4020	 2111
 4020	 2111
 4020	 2111
 4020	 2111
 4020	 2111
 4020	 2111
 4020	 2106
 4020	 2106
 4025	 2106
 4025	 2106
 4025	 2106
 4025	 2106
 4025	 2106
 4025	 2101
 4030	 2101
 4030	 2101
 4030	 2096
 4030	 2096
 4030	 2096
 4030	 2096
 4035	 2096
 4035	 2096
 4035	 2096
 4040	 2090
 4040	 2090
 4040	 2090
 4040	 2090
 4040	 2090
 4040	 2090
 4045	 2085
 4045	 2085
 4045	 2085
 4045	 2085
 4045	 2085
 4045	 2085
 4050	 2085
 4050	 2080
 4050	 2080
 4050	 2080
 4050	 2080
 4050	 2080
 4050	 2080
 4056	 2075
 4056	 2075
 4056	 2075
 4056	 2075
 4056	 2075
 4056	 2075
 4056	 2070
 4056	 2070
 4056	 2070
 4061	 2070
 4061	 2070
 4061	 2070
 4061	 2065
 4061	 2065
 4061	 2065
 4061	 2060
 4066	 2060
 4066	 2060
 4066	 2060
 4071	 2060
 4071	 2060
 4071	 2055
 4071	 2055
 4071	 2055
 4071	 2055
 4071	 2055
 4076	 2055
 4076	 2050
 4076	 2050
 4076	 2050
 4076	 2050
 4076	 2050
 4076	 2050
 4081	 2044
 4081	 2044
 4081	 2044
 4081	 2044
 4081	 2044
 4081	 2044
 4081	 2039
 4086	 2039
 4086	 2039
 4086	 2039
 4086	 2039
 4086	 2039
 4086	 2034
 4086	 2034
 4091	 2034
 4091	 2029
 4091	 2029
 4091	 2029
 4091	 2029
 4091	 2029
 4091	 2029
 4096	 2024
 4096	 2024
 4096	 2024
 4096	 2024
 4096	 2024
 4096	 2024
 4096	 2019
 4096	 2019
 4096	 2019
 4096	 2019
 4102	 2019
 4102	 2014
 4102	 2014
 4102	 2014
 4107	 2014
 4107	 2014
 4107	 2014
 4107	 2009
 4107	 2009
 4107	 2009
 4107	 2009
 4107	 2009
 4112	 2004
 4112	 2004
 4112	 2004
 4112	 1998
 4112	 1998
 4112	 1998
 4112	 1998
 4117	 1998
 4117	 1998
 4117	 1993
 4117	 1993
 4117	 1993
 4117	 1993
 4117	 1993
 4117	 1988
 4122	 1988
 4122	 1988
 4122	 1988
 4122	 1988
 4122	 1988
 4122	 1983
 4122	 1983
 4122	 1983
 4127	 1983
 4127	 1983
 4127	 1978
 4127	 1978
 4127	 1978
 4127	 1978
 4127	 1978
 4127	 1978
 4132	 1973
 4132	 1973
 4132	 1973
 4132	 1973
 4132	 1973
 4132	 1968
 4132	 1968
 4132	 1968
 4137	 1963
 4137	 1963
 4137	 1963
 4137	 1963
 4137	 1963
 4137	 1958
 4137	 1958
 4137	 1958
 4142	 1958
 4142	 1958
 4142	 1952
 4142	 1952
 4142	 1952
 4142	 1952
 4142	 1952
 4142	 1947
 4142	 1947
 4148	 1947
 4148	 1947
 4148	 1947
 4148	 1947
 4148	 1942
 4148	 1942
 4148	 1942
 4148	 1942
 4153	 1942
 4153	 1937
 4153	 1937
 4153	 1932
 4153	 1932
 4153	 1932
 4153	 1932
 4153	 1932
 4153	 1932
 4158	 1927
 4158	 1927
 4158	 1927
 4158	 1927
 4158	 1927
 4158	 1922
 4158	 1922
 4158	 1922
 4158	 1922
 4158	 1922
 4163	 1917
 4163	 1917
 4163	 1917
 4163	 1917
 4168	 1917
 4168	 1912
 4168	 1912
 4168	 1912
 4168	 1912
 4168	 1912
 4168	 1907
 4168	 1907
 4168	 1907
 4168	 1901
 4168	 1901
 4168	 1901
 4168	 1901
 4168	 1901
 4168	 1896
 4173	 1896
 4173	 1896
 4173	 1896
 4173	 1896
 4173	 1891
 4173	 1891
 4173	 1891
 4173	 1891
 4173	 1891
 4173	 1886
 4178	 1886
 4178	 1886
 4178	 1886
 4178	 1881
 4178	 1881
 4178	 1881
 4178	 1881
 4178	 1881
 4178	 1876
 4178	 1876
 4178	 1876
 4183	 1876
 4183	 1876
 4183	 1871
 4183	 1871
 4183	 1871
 4183	 1866
 4183	 1866
 4183	 1866
 4183	 1866
 4183	 1866
 4183	 1861
 4188	 1861
 4188	 1861
 4188	 1861
 4188	 1861
 4188	 1855
 4188	 1855
 4188	 1855
 4188	 1855
 4188	 1850
 4188	 1850
 4188	 1850
 4194	 1850
 4194	 1850
 4194	 1845
 4194	 1845
 4194	 1845
 4194	 1845
 4194	 1845
 4194	 1840
 4194	 1840
 4194	 1835
 4194	 1835
 4194	 1835
 4194	 1835
 4199	 1835
 4199	 1830
 4199	 1830
 4199	 1830
 4199	 1830
 4199	 1830
 4204	 1825
 4204	 1825
 4204	 1825
 4204	 1825
 4204	 1825
 4204	 1820
 4204	 1820
 4204	 1820
 4204	 1820
 4204	 1820
 4204	 1815
 4204	 1815
 4204	 1815
 4204	 1815
 4204	 1809
 4204	 1809
 4204	 1809
 4204	 1804
 4204	 1804
 4204	 1804
 4209	 1804
 4209	 1799
 4209	 1799
 4209	 1799
 4209	 1799
 4209	 1799
 4209	 1794
 4209	 1794
 4209	 1794
 4209	 1794
 4209	 1794
 4209	 1789
 4209	 1789
 4209	 1789
 4209	 1789
 4214	 1784
 4214	 1784
 4214	 1784
 4214	 1784
 4214	 1784
 4214	 1779
 4214	 1779
 4214	 1779
 4214	 1779
 4214	 1779
 4214	 1774
 4214	 1774
 4214	 1769
 4214	 1769
 4214	 1769
 4214	 1769
 4219	 1769
 4219	 1763
 4219	 1763
 4219	 1763
 4219	 1763
 4219	 1758
 4219	 1758
 4219	 1758
 4219	 1758
 4219	 1758
 4219	 1753
 4219	 1753
 4219	 1753
 4219	 1753
 4219	 1753
 4219	 1748
 4219	 1748
 4219	 1748
 4224	 1748
 4224	 1743
 4224	 1743
 4224	 1743
 4224	 1738
 4224	 1738
 4224	 1738
 4224	 1738
 4224	 1733
 4224	 1733
 4224	 1733
 4224	 1733
 4224	 1733
 4224	 1728
 4224	 1728
 4224	 1728
 4224	 1728
 4224	 1723
 4224	 1723
 4224	 1723
 4224	 1723
 4229	 1723
 4229	 1717
 4229	 1717
 4229	 1717
 4229	 1717
 4229	 1712
 4229	 1712
 4229	 1712
 4229	 1707
 4229	 1707
 4229	 1707
 4229	 1707
 4234	 1702
 4234	 1702
 4234	 1702
 4234	 1702
 4234	 1702
 4234	 1697
 4234	 1697
 4234	 1697
 4234	 1697
 4234	 1692
 4234	 1692
 4234	 1692
 4234	 1692
 4234	 1692
 4234	 1687
 4234	 1687
 4234	 1687
 4234	 1687
 4234	 1682
 4234	 1682
 4234	 1682
 4234	 1682
 4234	 1682
 4234	 1677
 4234	 1677
 4234	 1671
 4234	 1671
 4234	 1671
 4234	 1671
 4234	 1671
 4239	 1666
 4239	 1666
 4239	 1666
 4239	 1666
 4239	 1661
 4239	 1661
 4239	 1661
 4239	 1661
 4239	 1661
 4239	 1656
 4239	 1656
 4239	 1656
 4239	 1656
 4239	 1651
 4239	 1651
 4239	 1651
 4239	 1651
 4239	 1651
 4239	 1646
 4239	 1646
 4239	 1641
 4239	 1641
 4239	 1641
 4239	 1641
 4239	 1636
 4239	 1636
 4239	 1636
 4239	 1636
 4239	 1636
 4239	 1631
 4239	 1631
 4239	 1631
 4239	 1631
 4239	 1625
 4239	 1625
 4239	 1625
 4239	 1625
 4239	 1625
 4239	 1620
 4239	 1620
 4239	 1620
 4239	 1620
 4239	 1615
 4239	 1615
 4239	 1615
 4239	 1610
 4239	 1610
 4239	 1610
 4239	 1610
 4239	 1605
 4239	 1605
 4239	 1605
 4239	 1605
 4239	 1605
 4239	 1600
 4239	 1600
 4239	 1600
 4239	 1600
 4239	 1595
 4239	 1595
 4239	 1595
 4239	 1595
 4239	 1595
 4239	 1590
 4239	 1590
 4239	 1590
 4239	 1590
 4239	 1585
 4239	 1585
 4239	 1580
 4239	 1580
